Genus	Basepaws_WGS1	Basepaws_WGS2	Basepaws_WGS2SUB1	Basepaws_WGS2SUB2	Basepaws_WGS2SUB3	Bristle1	Nebula_lcWGS	SequencingDotCom_WGS	Veritas_WGS
Burkholderia	36216942	217993	3051	150979	63934	23	24	0	459
Cupriavidus	111397	173581	2714	118172	52706	3	7	0	91
Ralstonia	22874	134206	2182	90434	41609	4	9	0	31
Paraburkholderia	12194	88551	1424	60159	26976	4	8	0	115
Pandoraea	848	61668	945	42062	18662	6	7	0	153
Polynucleobacter	420	13830	245	9315	4268	12	1	0	33
Caballeronia	180	1606	34	1100	471	1	0	0	1
Lautropia	61	83113	1336	55963	25815	74	36	0	18
Mycetohabitans	54	2379	35	1572	771	0	0	0	1
Mycoavidus	52	2198	27	1501	669	1	0	0	3
Ephemeroptericola	51	4507	73	3056	1377	0	1	0	0
Variovorax	900	352385	5537	240729	106127	5	14	0	95
Acidovorax	651	699969	10812	479955	209208	5	5	0	56
Hydrogenophaga	481	272165	4458	185846	81871	2	5	0	21
Comamonas	460	492089	7834	335660	148609	3	8	0	35
Rhodoferax	250	155578	2602	106250	46729	8	2	0	13
Delftia	248	152451	2345	104332	45776	6	8	0	10
Polaromonas	154	85049	1439	58050	25560	0	1	0	22
Ramlibacter	123	85769	1424	58733	25613	2	0	0	5
Ottowia	112	369376	5695	252795	110890	2	2	0	19
Limnohabitans	86	45117	706	31066	13345	0	1	0	1
Pulveribacter	80	115312	1717	79303	34290	2	2	0	6
Alicycliphilus	74	75396	1242	51175	22984	0	0	0	5
Simplicispira	73	57401	880	39339	17183	0	0	0	0
Verminephrobacter	58	49837	732	34074	15030	0	0	0	14
Melaminivora	39	98799	1488	67833	29477	3	0	0	0
Serpentinomonas	39	105602	1609	72422	31571	2	0	0	0
Diaphorobacter	38	139655	1995	95265	42400	0	0	0	1
Curvibacter	34	18204	318	12539	5345	2	0	0	1
Hylemonella	25	41233	653	28074	12506	0	0	0	0
CandidatusSymbiobacter	20	6980	88	4793	2098	0	0	0	2
Bordetella	1096	178757	2776	121468	54516	2	11	0	87
Achromobacter	882	177001	2636	121003	53365	4	14	0	41
Alcaligenes	391	34182	485	23380	10317	4	6	0	44
Taylorella	124	1193	15	791	385	3	0	0	3
Pelistega	118	332	6	211	114	4	5	0	5
Advenella	117	8277	134	5600	2543	1	4	0	19
Pusillimonas	109	13834	217	9516	4101	0	1	0	0
Pigmentiphaga	107	15916	236	10883	4797	0	0	0	5
Orrella	34	10099	169	6969	2960	0	2	0	0
Kerstersia	31	14361	221	9807	4332	1	0	0	0
Castellaniella	28	17782	318	12067	5396	0	0	0	2
Basilea	22	211	4	135	71	0	0	0	2
Oligella	19	1789	22	1197	570	0	0	0	2
Paenalcaligenes	18	933	18	623	291	0	0	0	0
Massilia	764	89249	1455	61101	26694	10	15	0	196
Janthinobacterium	537	57679	951	39528	17199	14	9	0	60
Undibacterium	501	7672	111	5146	2415	3	0	0	20
Herbaspirillum	318	60153	902	41072	18177	2	4	0	25
Collimonas	232	28195	403	19292	8500	2	4	0	4
Herminiimonas	70	8084	138	5377	2568	2	0	0	12
Noviherbaspirillum	50	10682	173	7285	3223	0	0	0	1
Oxalobacter	17	1116	13	779	322	0	0	0	3
Thiomonas	153	51071	838	34928	15305	1	3	0	8
Methylibium	151	21018	330	14224	6464	0	0	0	4
Roseateles	120	20836	299	14326	6211	0	0	0	0
Sphaerotilus	117	24787	374	17093	7319	0	1	0	28
Mitsuaria	101	15673	244	10797	4631	2	0	0	1
Paucibacter	70	36846	588	25103	11156	1	0	0	0
Rhizobacter	56	19691	343	13314	6033	0	0	0	2
Rubrivivax	54	27952	419	19203	8329	1	0	0	6
Leptothrix	53	27001	400	18458	8143	1	0	0	0
Inhella	52	21722	351	14718	6653	0	0	0	4
Aquabacterium	48	16112	247	10962	4903	0	1	0	0
Xylophilus	36	41028	640	27961	12426	0	1	0	2
Sutterella	23	7137	123	5005	2008	0	1	0	3
Neisseria	855	2197324	33907	1489919	673523	22000	21955	0	399
Snodgrassella	83	8685	114	5878	2693	0	0	0	5
Vitreoscilla	62	37835	584	26038	11212	2	6	0	1
Eikenella	58	260488	4241	177851	78401	148	59	0	6
Chitinolyticbacter	52	6056	99	4171	1784	0	1	0	0
Simonsiella	51	5554	87	3767	1700	15	9	0	13
Kingella	41	16896	283	11564	5049	8	2	0	4
Crenobacter	33	12925	204	8679	4042	0	0	0	6
Chromobacterium	331	76415	1218	52053	23144	4	6	0	23
Iodobacter	90	2334	31	1584	718	0	3	0	15
Aquitalea	222	38798	588	26691	11518	2	0	0	8
Pseudogulbenkiania	68	15470	254	10545	4670	1	3	0	0
Laribacter	59	19684	289	13513	5882	1	0	0	9
Microvirgula	36	8713	148	5943	2622	2	0	0	6
Vogesella	34	15874	242	10803	4829	0	0	0	2
Aquaspirillum	27	26880	398	18377	8104	3	0	0	16
Jeongeupia	27	7252	131	4920	2199	0	0	0	0
Nitrosomonas	734	5888	85	3920	1882	3	3	0	45
Nitrosospira	97	6518	117	4457	1943	0	2	0	6
CandidatusMethylopumilus	304	3558	71	2433	1055	3	6	0	14
Methylotenera	106	2692	36	1820	835	1	0	0	8
Methylophilus	58	3870	73	2601	1196	0	0	0	5
Methylobacillus	35	5240	80	3494	1665	0	0	0	1
Methylovorus	29	7799	123	5339	2335	0	0	0	13
Sterolibacterium	257	11963	163	8085	3714	2	2	0	11
Denitratisoma	85	12900	234	8699	3967	0	0	0	7
Sulfuritalea	60	7434	115	5055	2263	0	0	0	2
Methyloversatilis	48	7679	115	5207	2356	0	1	0	3
Sulfuriferula	94	12475	197	8643	3634	5	0	0	5
Gallionella	40	4016	65	2719	1230	0	0	0	0
Sulfuricella	32	5481	77	3758	1645	0	0	0	3
Ferriphaselus	28	3853	72	2559	1222	0	0	0	1
Sideroxydans	18	4125	54	2876	1195	0	0	0	0
Thiobacillus	22	4782	81	3258	1443	0	0	0	0
Sulfuritortus	5	16605	312	11158	5135	0	1	0	0
Thauera	527	66926	979	45828	20120	4	0	0	24
Azoarcus	438	66557	1045	45480	20032	3	2	0	4
Oryzomicrobium	36	8274	134	5769	2371	1	1	0	1
Azospira	30	13515	197	9184	4133	1	0	0	2
Aromatoleum	24	2601	53	1777	769	0	0	0	6
Dechloromonas	55	11405	162	7788	3454	0	0	0	8
CandidatusKinetoplastibacterium	331	4162	87	2753	1320	3	1	0	104
CandidatusAccumulibacter	39	7596	130	5165	2300	0	0	0	0
Casimicrobium	34	7697	105	5312	2278	0	1	0	0
CandidatusProfftella	29	1068	17	724	326	0	0	0	7
CandidatusNasuia	20	22	0	17	4	0	0	0	1
Klebsiella	388553	35681	707	23522	11476	204	136	0	1202
Salmonella	92188	148224	2071	98236	47939	17	30	0	124
Escherichia	6885	46767	489	30201	15949	19	4	0	149
Shigella	3215	5110	0	3015	2031	0	0	0	5
Enterobacter	3208	37392	485	25187	11727	10	3	0	151
Citrobacter	1324	20960	351	14134	6487	16	10	0	227
CandidatusBlochmannia	415	740	9	462	269	2	1	0	61
CandidatusHamiltonella	124	458	13	285	159	1	1	0	13
CandidatusTachikawaea	96	189	2	122	64	0	0	0	3
CandidatusGullanella	29	87	1	43	42	1	0	0	16
CandidatusPurcelliella	26	306	5	201	99	0	0	0	0
CandidatusAnnandia	26	114	0	79	35	0	0	0	0
CandidatusDoolittlea	18	604	12	402	189	0	0	0	0
CandidatusMikella	13	35	0	18	16	0	0	0	14
CandidatusHoaglandella	3	79	0	53	25	1	3	0	0
Kosakonia	516	9135	146	6157	2833	0	0	0	37
Pluralibacter	363	4279	58	2910	1311	0	0	0	1
Cronobacter	287	10487	142	7146	3200	2	0	0	18
Leclercia	284	8308	120	5677	2515	5	4	0	36
Cedecea	260	4409	59	2976	1373	4	4	0	3
Raoultella	247	8286	124	5592	2571	0	0	0	17
Lelliottia	222	3916	62	2702	1154	2	0	0	12
CandidatusRiesia	91	463	7	322	134	1	0	0	30
Buttiauxella	85	711	17	483	210	1	0	0	1
Kluyvera	80	1927	34	1299	593	1	0	0	23
Limnobaculum	74	445	4	280	160	0	0	0	5
Shimwellia	69	2060	26	1423	610	0	0	0	2
Gibbsiella	40	4691	58	3234	1399	0	1	0	2
Izhakiella	38	995	15	669	310	0	0	0	4
Atlantibacter	35	2359	42	1623	693	0	1	0	0
CandidatusIshikawaella	26	74	1	48	24	0	0	0	6
Pseudescherichia	14	2169	43	1452	674	0	0	0	2
CandidatusMoranella	14	296	2	199	95	0	0	0	0
Metakosakonia	1	2517	78	1669	774	0	0	0	0
Serratia	5452	47355	764	31805	14790	155	25	0	166
Yersinia	1493	19846	277	13640	5943	19	8	0	137
Rahnella	212	3826	66	2559	1201	3	10	0	24
Chania	79	896	22	610	263	1	0	0	5
Nissabacter	69	5386	88	3697	1601	0	2	0	3
Rouxiella	44	499	4	346	148	0	0	0	3
CandidatusFukatsuia	39	372	3	258	111	0	0	0	2
Buchnera	2157	7224	123	4563	2537	18	3	0	296
Pantoea	1118	28482	445	19252	8789	13	19	0	58
Erwinia	987	15717	231	10631	4856	9	19	0	246
Mixta	202	9097	137	6196	2766	0	1	0	3
Tatumella	196	1698	25	1126	547	2	0	0	18
Wigglesworthia	110	92	2	60	30	2	0	0	13
Proteus	1670	6718	70	4464	2184	23	14	0	223
Providencia	1466	8501	119	5588	2794	6	778	0	146
Xenorhabdus	570	6112	70	4029	2011	0	8	0	32
Photorhabdus	386	1792	28	1198	565	1	2	0	15
Arsenophonus	245	1588	22	1037	528	3	0	0	16
Morganella	165	3626	48	2522	1056	0	3	0	36
Dickeya	714	19147	288	12965	5896	4	9	0	45
Pectobacterium	573	8896	145	5932	2818	4	10	0	83
Brenneria	209	6148	92	4113	1943	2	2	0	8
Sodalis	108	9825	156	6741	2928	4	0	0	19
Lonsdalea	37	866	15	601	249	2	0	0	6
Hafnia	513	3865	50	2566	1249	11	3	0	343
Edwardsiella	429	9331	153	6340	2840	0	0	0	61
Obesumbacterium	126	1309	3	905	400	0	0	0	0
Pragia	186	1323	21	905	395	1	3	0	7
Leminorella	98	1386	14	922	449	0	0	0	34
Plesiomonas	71	4401	61	3019	1320	1	0	0	12
Phytobacter	36	2604	40	1862	711	0	0	0	1
Aeromonas	380981	58034	877	39484	17674	11	9	0	81
Oceanisphaera	141	3211	47	2171	992	2	2	0	0
Tolumonas	52	1278	21	851	405	0	1	0	2
Zobellella	48	8173	106	5645	2422	0	0	0	20
Oceanimonas	24	5687	91	3887	1708	2	0	0	1
Succinivibrio	82	413	1	280	131	1	0	0	1
Xanthomonas	160318	457404	7454	311306	138653	13	14	0	81
Stenotrophomonas	1116	378766	6016	258192	114561	11	20	0	193
Lysobacter	443	263989	4182	180019	79791	7	6	0	60
Luteimonas	233	130927	2109	89189	39632	1	4	0	2
Xylella	120	7010	120	4662	2227	0	0	0	46
Thermomonas	112	23694	382	16147	7164	0	0	0	0
Pseudoxanthomonas	87	94349	1511	64264	28575	1	1	0	15
Pseudolysobacter	66	17772	260	12170	5341	2	1	0	3
Arenimonas	10	27786	440	18930	8415	0	0	0	3
Dyella	147	44713	760	30465	13487	1	0	0	2
Rhodanobacter	118	36597	564	24745	11288	0	0	0	2
Frateuria	36	16492	247	11146	5098	0	0	0	1
Luteibacter	30	15867	254	10762	4850	1	1	0	1
Ahniella	30	13708	207	9480	4021	0	0	0	2
Dokdonella	27	34737	565	23600	10572	1	0	0	0
Aerosticca	14	36522	637	25062	10822	1	0	0	0
Pseudomonas	25184	2330402	36722	1592422	701206	81	154	0	1087
Azotobacter	224	17239	296	11755	5188	0	4	0	12
Oblitimonas	71	1039	23	689	326	2	0	0	12
Permianibacter	46	3617	60	2440	1115	0	0	0	1
Acinetobacter	7042	35363	549	23452	11362	45	48	0	663
Moraxella	758	11906	235	7907	3763	2	23	0	26
Psychrobacter	500	11826	196	7945	3684	12	9	0	59
Alteromonas	946	10152	158	6814	3180	10	1	0	81
Salinimonas	898	1807	36	1158	612	0	0	0	2
Marinobacter	615	32155	483	21639	10032	3	4	0	70
Glaciecola	416	3563	50	2355	1157	1	1	0	20
Paraglaciecola	348	1992	49	1295	646	3	0	0	22
Catenovulum	223	2064	53	1373	636	2	3	0	15
Hydrocarboniclastica	52	2975	60	2015	899	3	0	0	8
Lacimicrobium	43	612	8	403	200	0	0	0	12
Saliniradius	35	1085	11	742	331	0	1	0	0
Agarivorans	30	1597	21	1058	517	0	0	0	1
Shewanella	3268	34743	524	23350	10869	14	26	0	188
Parashewanella	248	1303	20	868	415	2	1	0	8
Pseudoalteromonas	3327	18702	300	12398	6004	21	16	0	231
Colwellia	887	3711	62	2396	1252	9	6	0	191
Thalassotalea	161	2392	39	1607	745	7	0	0	51
Litorilituus	83	362	1	246	114	0	0	0	2
Moritella	385	1665	19	1077	568	3	1	0	32
Psychromonas	241	664	10	447	206	0	0	0	8
Idiomarina	114	2856	41	1914	900	2	5	0	2
Ferrimonas	33	2858	51	1955	852	0	1	0	1
Vibrio	5996	60632	973	40559	19098	38	47	0	552
Aliivibrio	600	1772	15	1149	607	1	0	0	31
Photobacterium	543	5445	88	3622	1734	7	6	0	37
Paraphotobacterium	164	313	7	191	114	1	0	0	17
Enterovibrio	105	409	8	244	156	1	1	0	9
Grimontia	63	1337	19	910	407	0	0	0	0
Salinivibrio	56	1732	27	1157	548	4	0	0	13
Bibersteinia	2128	334345	4991	226643	102784	18	58	0	31
Haemophilus	1544	36542	508	24481	11553	4005	15273	0	499
Mannheimia	844	46136	863	31258	14021	4	20	0	113
Pasteurella	611	3296524	49765	2205507	1041298	9	84	0	328
Actinobacillus	337	37501	573	25292	11637	11	22	0	34
Aggregatibacter	322	21247	345	14346	6555	121	228	0	227
Glaesserella	129	30411	438	20724	9249	6	10	0	15
Avibacterium	125	7749	143	5253	2352	7	4	0	24
Rodentibacter	112	2477	44	1643	789	1	26	0	13
Histophilus	83	9969	132	6365	3470	3	13	0	4
Gallibacterium	56	3034	51	2108	873	1	5	0	13
Basfia	45	3963	64	2659	1239	1	6	0	3
Otariodibacter	45	6182	90	4264	1827	1	4	0	19
Halomonas	1214	82624	1318	56031	25276	13	21	0	113
CandidatusCarsonella	60	666	16	432	217	0	0	0	12
CandidatusPortiera	54	130	1	89	39	0	0	0	1
Zymobacter	29	1853	44	1232	576	0	0	0	2
CandidatusEvansia	13	193	5	110	77	1	0	0	3
Kushneria	83	8189	122	5617	2450	1	1	0	2
Cobetia	64	6677	108	4586	1982	0	0	0	5
Halotalea	31	3069	61	2078	929	0	0	0	0
Pistricoccus	24	4223	58	2871	1293	0	1	0	3
Chromohalobacter	21	3485	71	2337	1077	0	0	0	0
Salinicola	14	4891	81	3328	1481	1	1	0	3
Marinomonas	379	3315	57	2234	1023	2	3	0	19
Thalassolituus	69	1092	14	754	323	1	0	0	1
Marinobacterium	58	3205	48	2169	987	1	3	0	1
Nitrincola	51	1062	14	723	323	0	0	0	8
Oleispira	48	846	19	561	265	1	0	0	1
Neptunomonas	29	726	11	464	250	0	1	0	5
Bacterioplanes	16	1851	43	1225	581	0	3	0	0
Alcanivorax	246	18666	267	12592	5805	0	0	0	31
Ketobacter	45	1281	17	905	358	0	0	0	0
Gynuella	71	1599	19	1062	517	0	0	0	4
Saccharospirillum	59	8005	128	5453	2423	1	0	0	0
Reinekea	37	1177	18	800	358	1	2	0	0
Kangiella	138	3061	58	2086	917	0	1	0	22
Hahella	109	7001	139	4686	2175	1	0	0	6
Oleiphilus	73	2532	37	1769	725	1	1	0	1
Endozoicomonas	24	795	17	531	246	2	0	0	5
Litoricola	6	1406	24	975	406	0	0	0	0
Legionella	2116	12303	208	8104	3990	17	2	0	187
Fluoribacter	90	488	7	320	161	0	1	0	2
Tatlockia	61	1032	14	697	320	0	0	0	7
Coxiella	175	1652	26	1077	548	0	0	0	17
Aquicella	60	1552	24	1012	515	0	0	0	9
Rickettsiella	49	1003	15	698	289	0	0	0	1
Francisella	1397	4817	64	3082	1670	7	13	0	173
Allofrancisella	51	421	8	228	184	1	1	0	12
Piscirickettsia	134	1863	23	1239	600	0	0	0	19
Thiomicrorhabdus	122	2337	31	1544	761	3	0	0	1
Hydrogenovibrio	100	2031	33	1375	623	1	2	0	1
Methylophaga	85	1187	30	816	340	2	0	0	3
Thiomicrospira	84	3545	52	2354	1138	0	2	0	4
Cycloclasticus	43	659	9	435	214	1	0	0	1
Beggiatoa	127	819	4	578	236	1	0	0	0
Thioploca	67	1187	14	805	367	3	0	0	8
Acidihalobacter	277	13429	210	9158	4061	0	0	0	1
Thioalkalivibrio	175	25452	402	17363	7686	2	0	0	2
Spiribacter	87	11018	178	7532	3307	0	0	0	14
Ectothiorhodospira	63	11724	159	8093	3471	1	1	0	11
Halorhodospira	50	3475	52	2352	1071	1	0	0	2
Alkalilimnicola	37	6959	116	4642	2201	0	0	0	1
Nitrosococcus	153	3920	60	2631	1229	1	0	0	17
Rheinheimera	105	1851	29	1238	583	1	2	0	30
Marichromatium	59	8363	115	5596	2652	1	0	0	2
Allochromatium	45	9903	150	6828	2924	0	0	0	16
CandidatusNitrosoglobus	44	296	3	209	84	0	0	0	14
Thiocystis	39	4846	98	3307	1440	0	0	0	1
Thioflavicoccus	35	4209	61	2858	1289	0	3	0	0
Thermochromatium	30	5314	77	3585	1651	1	0	0	0
Thiodictyon	26	5019	69	3463	1486	0	0	0	5
Granulosicoccus	53	1076	21	699	355	1	0	0	0
Sulfuriflexus	45	1887	28	1305	553	0	0	0	0
Wenzhouxiangella	83	7111	120	4799	2191	0	0	0	0
Halothiobacillus	61	6789	82	4604	2102	2	0	0	2
Woeseia	50	3014	41	2030	941	0	0	0	7
Guyparkeria	25	3962	49	2682	1230	0	0	0	0
Thiohalobacter	21	8745	136	5985	2622	0	0	0	0
Sulfurivermis	14	6906	103	4646	2156	0	1	0	1
Cellvibrio	277	8392	144	5639	2607	2	1	0	3
Agarilytica	217	1070	18	717	334	0	0	0	15
Saccharophagus	79	1496	18	986	490	0	1	0	8
Teredinibacter	59	2211	33	1498	679	1	0	0	1
Simiduia	33	3571	76	2404	1091	0	0	0	4
Microbulbifer	532	19116	281	12957	5877	7	12	0	328
Halioglobus	94	3968	49	2759	1158	3	3	0	3
Congregibacter	74	2741	36	1893	812	0	0	0	2
Kineobactrum	55	2444	40	1604	799	0	0	0	0
Zhongshania	52	1150	29	815	306	0	0	0	19
Oceanicoccus	30	1307	8	910	389	0	0	0	3
Spongiibacter	11	1421	36	949	435	0	0	0	0
CandidatusRuthia	45	48	1	27	19	0	0	0	14
CandidatusThioglobus	153	1394	21	934	438	1	2	0	39
Pseudohongiella	94	1799	36	1254	508	2	0	0	0
Gallaecimonas	31	1079	17	746	315	0	0	0	2
Thiolapillus	30	2627	39	1806	781	0	2	0	0
CandidatusNardonella	27	85	1	52	31	0	0	0	4
Sedimenticola	27	4021	56	2676	1287	0	4	0	2
Methylomonas	293	23132	424	15491	7217	1	4	0	10
Methylomicrobium	105	12450	159	8521	3770	1	0	0	42
Methylococcus	66	5468	78	3765	1624	0	0	0	19
CandidatusMethylospira	62	2442	39	1699	704	0	0	0	11
Methylocaldum	61	2548	45	1743	759	0	0	0	0
Methylovulum	59	2815	48	1925	840	0	0	0	2
Gilliamella	197	1977	30	1308	638	1	1	0	35
Frischella	72	513	10	347	155	0	0	0	5
Solimonas	86	6804	116	4633	2055	0	0	0	3
Sinimarinibacterium	32	10536	170	7186	3179	0	1	0	20
Steroidobacter	72	4569	61	3107	1400	0	0	0	0
Sulfurifustis	59	2548	28	1771	749	1	0	0	5
Acidiferrobacter	25	3133	35	2205	892	0	0	0	0
Sulfuricaulis	8	4555	60	3126	1368	0	0	0	4
Dichelobacter	32	14159	231	9521	4406	1	0	0	0
Cardiobacterium	23	269931	4279	183157	82498	1598	14	0	11
Immundisolibacter	21	9884	158	6702	3025	0	0	0	0
Salinisphaera	13	3655	66	2456	1132	0	0	0	1
Bradyrhizobium	6966	78102	1085	53226	23790	31	20	0	292
Rhodopseudomonas	500	14408	221	9910	4277	1	3	0	18
Bosea	324	10804	165	7374	3265	4	0	0	10
Nitrobacter	139	3680	53	2577	1050	1	1	0	5
Afipia	87	2120	27	1445	647	1	0	0	7
Tardiphaga	55	2135	29	1441	665	0	0	0	0
Oligotropha	40	1234	27	854	353	1	0	0	4
Variibacter	37	879	12	591	276	1	0	0	20
Rhizobium	2007	52112	809	35276	16023	3	14	0	76
Agrobacterium	745	23808	389	15946	7475	5	1	0	36
Neorhizobium	235	5605	79	3760	1765	2	1	0	7
Sinorhizobium	617	16662	265	11393	5004	3	8	0	13
Ensifer	274	5608	86	3841	1680	1	1	0	2
Liberibacter	240	3496	43	2294	1158	2	0	0	17
Shinella	67	4798	91	3302	1406	0	0	0	6
Georhizobium	49	390	8	263	118	0	0	0	0
Mesorhizobium	1361	46854	713	31930	14211	11	16	0	65
Aminobacter	134	5899	91	4006	1801	1	0	0	3
Hoeflea	82	1738	38	1221	479	3	0	0	7
Nitratireductor	79	2772	36	1840	895	0	1	0	0
Phyllobacterium	70	1698	30	1140	528	1	2	0	1
Chelativorans	48	673	9	454	208	0	0	0	1
Roseitalea	21	2993	47	2065	879	0	0	0	3
Lentilitoribacter	19	372	5	236	131	0	0	0	16
Salaquimonas	15	2537	35	1657	844	0	0	0	0
Methylobacterium	1170	28923	420	19819	8684	21	13	0	80
Methylorubrum	300	4655	64	3149	1440	3	0	0	17
Microvirga	118	8045	115	5499	2430	3	0	0	2
Bartonella	1103	5963	105	3948	1910	9	6	0	115
Rhodoplanes	295	4506	68	3034	1404	1	0	0	2
Hyphomicrobium	159	3317	45	2261	1010	0	0	0	30
Devosia	136	6945	123	4701	2119	0	0	0	3
Blastochloris	90	5449	90	3813	1545	0	2	0	5
Youhaiella	68	2386	43	1611	731	1	0	0	2
Pelagibacterium	60	1044	22	712	308	0	0	0	0
Maritalea	57	1973	24	1361	587	0	0	0	0
Filomicrobium	47	1224	13	849	361	0	0	0	1
Rhodomicrobium	37	1215	21	805	388	0	0	0	1
Pseudolabrys	211	4724	63	3218	1441	0	1	0	3
Ancylobacter	98	6129	94	4193	1842	4	0	0	1
Xanthobacter	66	1525	29	1036	460	2	4	0	7
Azorhizobium	59	3730	53	2512	1164	0	0	0	0
Labrys	48	5428	100	3639	1688	0	0	0	11
Starkeya	37	3360	56	2298	1005	0	0	0	1
Ochrobactrum	220	6824	122	4630	2071	2	1	0	5
Brucella	184	3907	58	2748	1101	0	3	0	6
Methylocystis	229	10603	157	7241	3203	4	5	0	2
Methylosinus	132	3041	34	2114	891	0	0	0	4
Terasakiella	36	629	10	418	201	2	1	0	12
Methyloceanibacter	63	3897	58	2674	1164	1	0	0	3
Hartmannibacter	59	1702	28	1219	455	0	0	0	0
Pseudorhodoplanes	59	1257	33	829	394	0	0	0	1
Nordella	53	3802	77	2533	1191	0	0	0	5
CandidatusHodgkinia	51	150	2	100	48	2	0	0	7
Methylocella	87	2250	33	1538	678	0	1	0	0
Beijerinckia	35	847	9	578	259	0	0	0	0
Methylovirgula	28	2652	37	1776	838	0	0	0	0
Cohaesibacter	69	1952	36	1315	601	0	0	0	17
Breoghania	62	3689	61	2511	1117	0	0	0	1
Martelella	89	6529	126	4448	1954	2	2	0	10
Aureimonas	26	1900	39	1244	616	0	0	0	5
Chelatococcus	97	5616	80	3863	1672	0	2	0	5
CandidatusPhaeomarinobacter	32	836	14	561	260	1	1	0	2
Parvibaculum	18	3395	60	2268	1067	0	0	0	0
Zymomonas	8758	1106	11	716	379	4	2	0	2
Sphingomonas	1424	45916	774	31261	13881	13	15	0	71
Sphingobium	898	33469	492	22842	10135	2	4	0	30
Novosphingobium	548	10689	175	7243	3270	3	5	0	8
Sphingopyxis	538	19919	329	13650	5940	9	10	0	47
Sphingorhabdus	183	3779	66	2535	1177	0	0	0	6
Sphingosinicella	104	4387	64	2997	1325	2	0	0	4
Blastomonas	61	1764	45	1178	540	0	1	0	5
Rhizorhabdus	39	1648	25	1130	493	2	0	0	8
Sphingosinithalassobacter	26	1641	27	1102	512	1	0	0	1
Citromicrobium	22	1864	23	1303	536	0	0	0	1
Tardibacter	18	3463	49	2316	1096	2	0	0	0
Porphyrobacter	398	3316	53	2219	1044	3	0	0	72
Altererythrobacter	389	10605	144	7258	3202	3	0	0	19
Erythrobacter	352	12445	199	8419	3826	1	9	0	24
Croceicoccus	130	3214	58	2236	918	0	0	0	2
Qipengyuania	12	3098	53	2077	967	0	0	0	0
Sulfitobacter	1991	17967	234	12527	5220	1	3	0	17
Paracoccus	854	43137	702	29284	13152	3	15	0	58
Rhodobacter	714	16972	205	10927	5819	3	3	0	13
Labrenzia	484	7170	143	4808	2218	1	0	0	15
Phaeobacter	317	8414	133	5675	2606	6	2	0	20
Roseovarius	291	9212	149	6143	2917	0	0	0	49
Celeribacter	245	8730	124	6007	2600	0	0	0	12
Rhodovulum	149	7585	118	5234	2233	0	1	0	8
Silicimonas	136	2263	35	1525	702	1	1	0	3
Pannonibacter	133	4249	70	2895	1283	0	0	0	14
Dinoroseobacter	131	1519	28	1023	468	0	0	0	1
Ruegeria	130	4016	49	2761	1206	0	0	0	2
Leisingera	126	10592	152	7278	3161	1	2	0	0
Paraoceanicella	101	3896	55	2630	1210	0	4	0	43
Stappia	100	5216	74	3583	1558	0	0	0	17
Octadecabacter	99	2433	42	1641	750	0	3	0	4
Yangia	95	4740	66	3223	1450	0	0	0	4
Confluentimicrobium	91	4846	94	3247	1505	0	0	0	2
Sagittula	91	1953	25	1385	544	0	0	0	3
Pseudorhodobacter	88	737	6	540	190	0	0	0	1
Haematobacter	86	2366	33	1668	665	0	0	0	3
Pelagibaca	77	1219	15	857	346	2	0	0	3
Epibacterium	75	1863	27	1227	608	0	0	0	1
Ketogulonicigenium	70	4762	79	3182	1498	0	0	0	1
Roseobacter	68	1882	32	1234	615	1	0	0	7
Sedimentitalea	65	1051	11	689	350	1	1	0	1
Pseudovibrio	58	918	20	582	314	0	0	0	0
Boseongicola	58	1130	24	759	346	0	0	0	0
Roseivivax	50	4478	59	3001	1417	0	0	0	18
Defluviimonas	49	2181	21	1512	648	0	0	0	6
Halovulum	48	721	11	480	230	1	0	0	0
Tateyamaria	47	621	7	423	190	0	0	0	1
Marinovum	42	2297	29	1599	668	0	0	0	4
Rhodobaca	39	206	0	142	64	0	0	0	18
Antarctobacter	37	2986	46	2002	937	0	0	0	10
Roseibacterium	37	744	18	483	241	1	0	0	1
Marivivens	34	384	3	264	116	0	0	0	0
Tabrizicola	31	664	6	437	220	0	0	0	2
Gemmobacter	31	7109	132	4793	2185	0	0	0	5
Fluviibacterium	30	2093	41	1412	639	0	0	0	0
Jannaschia	27	1072	10	746	315	0	0	0	1
Pseudohalocynthiibacter	25	969	11	653	305	0	0	0	3
Brevirhabdus	23	3178	40	2179	959	0	0	0	1
Oceanicola	20	3322	50	2277	994	2	0	0	4
Thalassococcus	20	708	7	482	218	0	0	0	0
Salipiger	19	4201	45	2893	1263	1	0	0	4
Litoreibacter	17	836	14	579	242	0	0	0	8
Halocynthiibacter	17	224	4	161	58	0	0	0	1
Maribius	16	265	2	194	69	0	0	0	0
Yoonia	6	2571	41	1795	735	0	2	0	0
Thioclava	5	634	8	425	200	4	0	0	2
Hyphomonas	99	7153	105	4910	2137	0	0	0	9
Maricaulis	66	2377	38	1605	733	0	0	0	4
Hirschia	57	139	1	91	47	0	0	0	4
Glycocaulis	10	2516	45	1703	767	1	0	0	0
Azospirillum	895	38333	650	26242	11442	9	9	0	63
Hypericibacter	212	7064	113	4733	2218	0	3	0	19
Magnetospirillum	210	25835	514	17519	7801	1	8	0	0
Thalassospira	200	6190	103	4216	1870	1	0	0	19
CandidatusEndolissoclinum	175	219	9	130	79	1	0	0	18
Nitrospirillum	89	3080	51	2072	955	1	0	0	5
Skermanella	78	1105	26	761	318	0	0	0	2
Rhodospirillum	67	9374	147	6469	2758	0	0	0	10
Niveispirillum	62	6172	99	4187	1886	0	0	0	1
Pararhodospirillum	59	2525	51	1646	827	0	0	0	2
Tistrella	54	4635	70	3133	1432	0	1	0	0
Magnetospira	42	981	24	644	312	0	0	0	0
Ferrovibrio	39	3840	76	2648	1116	0	0	0	0
Indioceanicola	25	3298	50	2179	1068	0	6	0	0
Haematospirillum	20	724	8	478	237	0	0	0	0
Acetobacter	541	7262	127	4854	2280	4	1	0	11
Komagataeibacter	427	13387	228	9062	4097	0	3	0	24
Gluconobacter	255	1357	27	883	446	2	1	0	22
Commensalibacter	150	548	0	363	181	1	0	0	16
Granulibacter	81	2973	52	2041	879	0	0	0	23
Roseomonas	80	7145	124	4826	2195	0	4	0	5
Neokomagataea	66	1367	18	914	433	0	0	0	0
Swingsia	61	590	10	389	190	1	0	0	1
Gluconacetobacter	59	1494	32	992	469	0	1	0	7
Parasaccharibacter	48	968	17	656	294	0	2	0	1
Neoasaia	46	502	7	341	153	0	0	0	0
Acidiphilium	32	2368	45	1571	751	0	0	0	0
Stella	26	1236	16	878	341	1	0	0	3
Acidibrevibacterium	24	1728	37	1147	544	1	0	0	0
Kozakia	21	1122	12	748	361	1	2	0	2
Bombella	19	932	18	640	273	2	0	0	1
Asaia	17	567	5	409	152	1	3	0	4
Caulobacter	1722	18991	277	12931	5782	0	1	0	20
Brevundimonas	753	22078	371	14975	6731	2	3	0	28
Phenylobacterium	294	3250	59	2200	989	0	2	0	1
Asticcacaulis	82	2610	24	1832	753	0	0	0	3
Rickettsia	1135	4208	84	2623	1501	10	2	0	182
Orientia	234	580	9	372	198	1	0	0	25
CandidatusSneabacter	9	69	1	39	28	0	0	0	1
CandidatusPhycorickettsia	35	59	1	35	23	0	0	0	20
Wolbachia	447	1322	22	832	468	5	3	0	59
Ehrlichia	426	2015	34	1306	675	2	0	0	81
Anaplasma	82	227	7	151	69	0	0	0	15
Neorickettsia	47	688	10	446	231	0	0	0	6
CandidatusFokinia	27	65	1	43	20	0	0	0	1
CandidatusMidichloria	24	260	6	182	71	1	0	0	0
CandidatusDeianiraea	48	304	3	185	115	1	0	0	1
CandidatusPelagibacter	428	1806	28	1140	637	1	0	0	98
Phreatobacter	237	10398	169	7050	3179	1	1	0	4
Polymorphum	66	3688	52	2462	1173	1	0	0	7
CandidatusPuniceispirillum	50	851	12	570	268	0	0	0	0
Micavibrio	26	1674	26	1147	501	0	1	0	3
CandidatusCytomitobacter	88	442	4	284	154	1	0	0	4
CandidatusNesciobacter	42	130	0	74	56	0	0	0	1
CandidatusParacaedibacter	86	286	5	196	84	0	0	0	34
CandidatusNucleicultrix	77	253	3	169	80	0	0	0	3
Emcibacter	108	1324	18	890	414	1	3	0	4
Magnetococcus	58	1428	29	953	446	0	1	0	0
Parvularcula	25	906	9	590	306	0	0	0	0
Campylobacter	4824	86845	1278	56348	29214	1201	1035	0	687
Arcobacter	3268	15422	270	9851	5298	32	10	0	668
Halarcobacter	189	621	3	398	220	0	0	0	74
Aliiarcobacter	145	443	6	244	192	0	0	0	8
Sulfurospirillum	492	4548	75	2995	1476	2	2	0	48
Helicobacter	4072	12654	221	8192	4241	12	13	0	160
Sulfurimonas	1286	4464	80	2815	1567	3	1	0	64
Sulfuricurvum	20	197	1	140	55	0	0	0	0
Wolinella	9	1596	17	1077	501	0	0	0	16
Nitratifractor	42	2205	35	1503	666	0	0	0	0
Nautilia	222	1051	24	715	311	1	0	0	11
Cetia	95	469	4	302	162	0	1	0	9
Caminibacter	43	1489	21	977	490	2	5	0	31
Sulfurovum	52	1346	21	879	445	0	0	0	9
Nitratiruptor	46	881	18	585	277	0	0	0	1
Myxococcus	559	15955	265	10816	4873	5	1	0	18
Corallococcus	166	7589	112	5229	2246	3	1	0	52
Archangium	206	2375	27	1634	713	3	1	0	31
Cystobacter	165	3816	55	2562	1197	2	0	0	18
Melittangium	160	2042	28	1393	620	0	9	0	2
Stigmatella	113	2006	37	1351	618	1	0	0	1
Anaeromyxobacter	231	4986	79	3364	1542	1	1	0	12
Vulgatibacter	39	1670	26	1122	521	0	0	0	7
Sorangium	602	10088	123	6853	3111	8	4	0	62
Chondromyces	258	2068	40	1345	681	1	1	0	3
Pajaroellobacter	28	319	4	230	84	0	0	0	3
Minicystis	146	1804	22	1198	582	3	1	0	8
Labilithrix	116	1276	23	851	401	0	0	0	2
Sandaracinus	114	1973	15	1371	586	0	2	0	24
Haliangium	97	2623	55	1808	760	0	0	0	1
Desulfosarcina	354	8574	133	5762	2678	2	4	0	73
Desulfobacula	179	1017	11	660	345	1	2	0	22
Desulfobacter	150	1445	25	946	473	0	0	0	16
Desulfatibacillum	130	1261	11	824	425	0	0	0	1
Desulfobacterium	120	2807	48	1906	852	1	0	0	1
Desulfococcus	94	4368	82	2904	1381	0	0	0	4
Desulfocapsa	69	1024	18	691	313	1	0	0	1
Desulfobulbus	64	98260	1628	66669	29963	1	1	0	1
Desulfurivibrio	61	6297	104	4175	2018	0	0	0	3
Desulfotalea	54	1784	25	1229	529	0	0	0	2
Desulfovibrio	798	52225	849	35263	16114	3	2	0	39
Pseudodesulfovibrio	222	9202	136	6133	2930	0	2	0	16
Lawsonia	68	434	3	288	143	0	1	0	14
Desulfocurvibacter	26	1821	18	1224	577	0	3	0	3
Desulfomicrobium	84	2135141	33950	1453013	648193	3	0	0	11
Desulfohalobium	14	919	16	622	280	0	0	0	6
Geobacter	828	22376	368	15102	6905	10	7	0	276
Geoalkalibacter	62	1624	25	1124	474	0	0	0	6
Pelobacter	134	8389	121	5786	2481	0	1	0	10
Desulfuromonas	105	6512	96	4428	1987	0	1	0	27
Desulfoglaeba	90	1254	15	866	372	0	1	0	42
Syntrophobacter	47	2328	46	1534	747	2	0	0	1
Desulfomonile	48	620	8	417	195	1	0	0	10
Desulfobacca	42	603	8	393	201	0	0	0	2
Syntrophus	41	697	15	470	211	0	0	0	3
Bradymonas	83	4768	71	3293	1403	0	0	0	12
Desulfurella	73	871	16	562	292	0	0	0	15
Hippea	62	460	10	321	128	0	0	0	2
Desulfarculus	23	4380	78	2936	1365	0	0	0	2
Silvanigrella	217	316	2	202	111	1	0	0	30
Bdellovibrio	325	3148	66	2107	973	8	4	0	83
Halobacteriovorax	180	708	10	457	241	2	1	0	9
Bacteriovorax	73	532	13	328	190	3	0	0	10
Acidithiobacillus	149	12578	222	8528	3827	1	0	0	1
Mariprofundus	61	592	8	396	188	0	0	0	8
Hydrogenophilus	26	3427	50	2303	1072	0	4	0	1
Staphylococcus	2520770	41285	623	27601	13082	161	249	5269	3080
Macrococcus	354	1171	8	762	399	11	10	292	55
Auricoccus	69	832	16	516	299	1	2	58	0
Jeotgalicoccus	52	347	2	219	125	5	0	45	12
Salinicoccus	51	270	3	172	94	0	0	16	3
Paenibacillus	49081	246855	4801	163451	78513	54	41	2308	995
Cohnella	1714	3325	49	2161	1114	14	5	1100	1079
Brevibacillus	1230	7992	120	5403	2469	18	7	527	235
Saccharibacillus	159	1978	26	1317	634	2	0	51	50
Aneurinibacillus	97	870	10	580	278	3	1	96	21
Thermobacillus	41	892	7	588	296	0	0	0	0
Bacillus	23502	85200	1337	55046	28798	224	208	7986	2449
Lysinibacillus	1183	4082	50	2615	1416	18	17	490	106
Virgibacillus	1111	5771	87	3768	1915	8	8	416	96
Oceanobacillus	636	2289	19	1457	812	1	6	272	72
Geobacillus	448	7563	118	5018	2426	6	16	256	114
Anoxybacillus	330	2846	38	1928	882	7	0	81	40
Fictibacillus	307	1371	15	902	453	2	1	60	19
Halobacillus	226	971	22	618	330	5	6	128	19
Psychrobacillus	225	424	7	276	141	7	2	234	32
Parageobacillus	209	1056	22	657	375	2	9	80	39
Gracilibacillus	157	512	9	338	164	2	3	68	7
Salicibibacter	129	542	12	361	168	1	4	24	9
Paraliobacillus	125	441	3	268	170	2	0	107	24
Pontibacillus	122	923	10	594	318	6	1	35	0
Pradoshia	91	352	4	246	101	6	1	52	11
Lentibacillus	85	190	0	118	71	1	0	23	10
Amphibacillus	83	304	5	185	114	0	4	58	3
Terribacillus	70	580	12	367	200	3	0	31	8
Aeribacillus	59	179	1	123	54	2	0	23	12
Salimicrobium	43	318	6	197	114	3	4	35	7
Planococcus	634	5326	93	3568	1664	7	7	289	54
Sporosarcina	498	4016	61	2659	1295	14	5	381	123
Solibacillus	322	1723	31	1141	549	6	3	159	5
Paenisporosarcina	207	1113	21	731	361	4	6	66	13
Kurthia	189	1349	30	903	415	6	4	174	6
Jeotgalibacillus	134	617	11	395	211	6	7	101	11
Rummeliibacillus	132	427	5	287	134	1	0	92	14
Ureibacillus	112	632	13	374	243	3	3	94	30
Listeria	1772	7427	76	4756	2594	39	45	1033	113
Brochothrix	144	1028	11	701	315	5	7	120	11
Gemella	544	41292	667	26671	13941	7103	3153	151581	259
Exiguobacterium	340	3086	53	2099	934	8	0	214	37
Tumebacillus	92	989	18	651	319	2	3	23	2
Alicyclobacillus	59	1595	27	1087	480	0	0	43	2
Kyrpidia	39	832	14	569	248	0	0	18	7
Novibacillus	60	123	1	85	37	2	0	18	0
Laceyella	39	502	9	339	152	0	0	14	13
Thermoactinomyces	37	722	8	502	211	1	0	36	1
Staphylospora	23	358	5	236	117	0	0	17	37
Sporolactobacillus	63	362	6	255	100	0	0	40	9
Lactobacillus	6863	40453	551	26732	13174	259	165	7169	950
Pediococcus	389	2283	22	1509	751	8	10	336	31
Streptococcus	5510	184091	2440	120274	61376	184927	165013	5556746	1690
Lactococcus	1253	4463	55	2917	1489	74	28	1263	156
Enterococcus	3561	25780	424	16723	8629	129	54	3893	340
Vagococcus	323	1688	34	1069	584	39	11	890	40
Tetragenococcus	262	1645	20	1041	583	5	12	275	46
Melissococcus	228	425	4	261	159	9	0	215	43
Weissella	668	2793	44	1805	942	26	6	353	56
Leuconostoc	617	4066	60	2717	1288	19	11	405	64
Oenococcus	178	1340	23	883	433	6	5	82	6
Carnobacterium	794	2938	44	1854	1039	47	20	1425	69
Jeotgalibaca	236	1634	21	1079	533	26	11	650	38
Marinilactibacillus	127	1071	15	719	337	5	1	140	2
Dolosigranulum	49	646	7	437	201	83	6	1066	5
Aerococcus	258	3184	61	2068	1053	22	14	830	15
Suicoccus	30	1704	24	1138	541	8	1	252	15
Clostridium	24245	89393	1421	56624	31343	183	69	6180	2847
Alkaliphilus	363	4135	52	2735	1349	2	2	35	30
CandidatusArthromitus	327	1220	21	769	429	3	0	39	27
Caloranaerobacter	266	930	7	613	308	7	3	98	40
Crassaminicella	215	1055	10	687	357	0	0	69	14
Hathewaya	208	973	7	638	329	3	0	102	47
Caloramator	206	1180	6	756	418	1	0	28	29
Geosporobacter	205	1450	23	956	469	1	3	40	12
Hungatella	90	2276	38	1519	718	0	0	35	10
Lachnoclostridium	809	20811	321	13762	6727	17	30	272	91
Blautia	484	11968	149	7902	3916	15	20	126	54
Butyrivibrio	350	4371	86	2864	1420	1	3	64	16
Cellulosilyticum	299	1417	19	922	475	0	5	89	15
Anaerostipes	273	3119	38	1997	1083	1	3	76	7
Anaerocolumna	235	1189	17	796	374	0	0	33	7
Anaerobutyricum	169	737	8	464	265	2	8	99	10
Roseburia	141	4393	74	2844	1475	1	0	49	35
Herbinix	107	1476	16	950	509	0	0	28	8
Lachnoanaerobaculum	91	9755	133	6358	3263	46	5	80	24
Lachnospira	84	1814	27	1217	569	1	2	36	16
Anaerotignum	61	1541	22	1044	473	2	2	48	10
Pseudobutyrivibrio	50	840	13	552	274	3	1	9	3
Clostridioides	1022	21906	263	15019	6620	17	8	1570	276
Paeniclostridium	343	1838	23	1196	618	3	0	173	49
Paraclostridium	298	2733	45	1647	1041	1	0	86	44
Filifactor	246	120492	1854	79415	39226	36	14	504	20
Acetoanaerobium	149	6234	98	4099	2036	1	0	43	18
Peptoclostridium	68	2689	60	1741	887	0	0	3	3
Aminipila	1456	5315	105	3451	1759	4	1	78	24
Mogibacterium	91	6329	80	4027	2220	49	221	211	23
Thermaerobacter	98	3241	56	2225	959	0	5	48	6
Carboxydocella	87	433	6	285	141	0	0	3	1
Desulfosporosinus	395	3371	50	2266	1054	4	7	209	34
Desulfitobacterium	294	4282	84	2856	1341	0	4	43	41
Desulfotomaculum	259	2473	41	1637	794	0	2	40	9
Dehalobacter	139	1337	5	901	414	0	0	7	11
Dehalobacterium	72	839	12	549	277	0	1	44	7
Desulfofarcimen	53	425	4	280	141	0	1	110	42
Syntrophobotulus	43	1134	26	753	353	0	0	4	5
Thermincola	36	1064	12	671	379	0	0	0	1
Desulfallas	33	494	5	325	163	0	1	19	8
CandidatusDesulforudis	32	627	15	413	198	0	0	0	1
Hungateiclostridium	934	4306	52	2704	1549	8	0	181	108
Thermoclostridium	127	1800	14	1222	563	0	3	6	1
Ruminiclostridium	120	539	9	330	199	0	3	27	13
Fastidiosipila	71	2213	28	1462	722	9	7	46	5
Pseudoclostridium	68	1160	25	771	363	1	0	47	25
Mageeibacillus	9	1641	24	1074	542	3	1	14	2
Ruminococcus	331	3803	47	2494	1261	7	12	72	53
Flavonifractor	148	6268	99	4208	1959	1	0	21	20
Faecalibacterium	127	6781	86	4519	2175	5	2	71	4
Caproiciproducens	94	1317	20	878	417	0	0	1	0
Ruthenibacterium	46	3956	56	2674	1224	0	0	19	1
Ethanoligenens	44	1287	17	845	424	0	0	4	5
Eubacterium	202	6472	125	4305	2040	3	5	65	26
Acetobacterium	196	2402	30	1554	817	2	1	59	6
Intestinimonas	121	2869	38	1848	981	0	1	62	0
Massilistercora	48	3990	68	2650	1271	2	0	1	1
Flintibacter	25	1399	19	891	488	0	0	5	10
CandidatusSyntrophocurvum	116	360	4	234	121	1	0	32	23
Syntrophomonas	55	1235	25	811	398	0	0	1	3
Syntrophothermus	25	323	8	199	115	0	0	17	1
Oscillibacter	90	1468	11	1020	436	0	0	13	8
Dysosmobacter	45	2271	34	1566	671	0	0	0	0
Heliorestis	83	480	7	335	137	0	0	18	6
Heliobacterium	29	2320	24	1593	701	2	0	3	0
Petrocella	102	2455	47	1635	772	1	0	53	18
Christensenella	84	3745	59	2551	1134	0	0	32	3
Symbiobacterium	44	1499	26	971	501	0	0	4	0
Caldicellulosiruptor	811	3761	64	2406	1290	4	4	124	72
Thermoanaerobacterium	690	3912	61	2529	1321	6	4	262	64
Thermosediminibacter	49	1054	24	732	297	0	0	1	1
Thermoanaerobacter	525	2461	34	1592	833	3	1	155	63
Moorella	121	1725	28	1118	578	0	0	27	9
Ammonifex	43	1040	16	706	317	0	0	3	5
Tepidanaerobacter	81	705	15	452	237	0	0	11	6
Caldanaerobacter	49	662	11	424	227	0	0	26	2
Thermanaeromonas	48	1017	17	704	296	1	0	7	13
Carboxydothermus	20	974	15	594	364	0	1	0	2
Thermacetogenium	19	1329	33	888	407	1	0	26	6
Thermodesulfobium	114	643	11	446	185	0	0	9	5
Mahella	68	362	7	214	140	0	1	17	16
Halocella	186	337	5	218	113	4	5	126	59
Halanaerobium	181	1716	15	1094	606	2	1	85	90
Halothermothrix	88	306	2	185	119	2	1	72	28
Halobacteroides	104	604	14	400	188	1	0	48	30
Acetohalobium	94	454	5	316	132	1	1	65	28
Anoxybacter	162	1065	17	665	382	1	0	18	15
Natranaerobius	106	696	11	442	242	0	0	13	10
Pelosinus	281	1625	18	1044	562	2	7	134	21
Sporomusa	125	1054	10	685	358	0	1	7	4
Methylomusa	107	1753	15	1147	590	1	1	20	15
Megamonas	275	1100	8	728	363	4	9	77	27
Selenomonas	198	6664	88	4476	2099	42	114	257	26
Veillonella	295	2665	46	1783	835	8727	20291	1217626	483
Megasphaera	151	3317	66	2211	1039	11	32	38	16
Dialister	91	3449	43	2176	1229	1	1	60	19
Acidaminococcus	62	1705	23	1151	530	3	0	11	0
Phascolarctobacterium	29	808	10	546	251	0	0	10	9
Anaerococcus	201	4123	64	2604	1453	9	1	95	40
Peptoniphilus	196	3794	64	2533	1196	3	2	70	17
Parvimonas	176	13879	174	8899	4803	545	31	861	64
Finegoldia	150	2043	35	1253	753	3	2	60	13
Murdochiella	22	2156	40	1425	690	0	1	61	2
Sporanaerobacter	196	1194	16	764	412	1	1	35	24
Gudongella	25	797	10	515	270	1	5	41	5
Gottschalkia	207	1212	14	788	409	4	0	110	42
Ezakiella	59	911	10	598	302	1	0	10	0
Erysipelothrix	324	3746	50	2449	1247	7	0	135	16
Absiella	145	2499	45	1642	822	0	7	54	15
Longibaculum	135	2094	53	1245	1178	1	0	71	24
Turicibacter	132	915	13	602	299	4	1	82	11
Intestinibaculum	125	861	19	601	240	3	2	13	6
Faecalitalea	48	1280	20	855	408	3	0	54	14
Faecalibaculum	26	1028	21	673	335	0	0	8	3
Ndongobacter	15	1509	32	940	536	2	0	14	10
Limnochorda	67	702	14	463	224	0	0	6	1
Streptomyces	53217	349394	5334	235817	108245	199	177	6706	1230
Kitasatospora	400	5197	72	3560	1565	2	3	148	48
Streptacidiphilus	78	772	24	513	233	1	1	26	0
Mycolicibacterium	9444	63238	961	42616	19662	52	32	2404	110
Mycobacterium	3424	60136	991	40641	18498	43	42	2342	207
Mycobacteroides	390	8532	104	5643	2787	5	4	158	109
Mycolicibacter	197	6458	109	4321	2028	1	0	63	0
Hoyosella	71	3175	51	2082	1041	0	0	9	2
Mycolicibacillus	5	1720	22	1206	491	1	0	5	3
Rhodococcus	1801	38068	644	25454	11972	24	69	673	69
Nocardia	913	33899	529	23106	10264	11	22	418	130
Corynebacterium	2264	312810	5078	209146	98587	551	157	84804	230
Gordonia	740	36073	439	24082	11547	16	22	215	12
Tsukamurella	188	6456	102	4428	1925	7	0	31	1
Dietzia	156	8659	128	5779	2751	2	4	176	21
Tomitella	56	3571	56	2408	1106	0	0	52	0
Lawsonella	11	1701	22	1089	588	2	19	14	0
Segniliparus	39	509	3	354	152	0	1	36	1
Microbacterium	997	57231	879	38418	17934	41	58	899	48
Rathayibacter	475	14622	220	9919	4482	10	8	295	30
Agromyces	192	11510	161	7612	3737	2	5	117	8
Curtobacterium	189	6334	87	4168	2078	4	10	126	25
Clavibacter	144	6596	96	4459	2039	4	3	114	27
Leifsonia	127	10231	118	6908	3203	0	16	91	9
Cryobacterium	104	6548	93	4327	2127	3	6	98	4
Salinibacterium	99	4202	56	2823	1322	4	6	73	6
Plantibacter	99	2402	34	1605	762	0	4	31	0
Agrococcus	76	6002	69	4040	1893	0	1	79	14
Aurantimicrobium	76	1552	22	1026	504	1	0	22	0
Rhodoluna	63	2380	31	1571	777	5	3	37	0
CandidatusAquiluna	7	225	6	146	72	2	4	9	0
Frondihabitans	68	2323	42	1576	704	0	14	70	4
Humibacter	59	4613	88	3217	1302	5	2	56	0
Protaetiibacter	53	1696	35	1164	495	2	0	36	2
Diaminobutyricimonas	45	2361	41	1604	715	0	0	50	0
Microterricola	40	3559	60	2308	1190	11	8	437	63
Gryllotalpicola	38	2175	40	1463	671	0	0	28	0
Leucobacter	36	4636	86	3145	1405	43	4	328	1
Lysinimonas	30	1379	21	930	428	0	0	20	0
Mycetocola	27	966	15	644	305	0	0	6	0
Marisediminicola	26	939	7	628	303	1	3	16	1
Cnuibacter	26	4936	61	3240	1636	4	0	35	0
Microcella	17	2006	25	1373	607	0	0	5	1
Pontimonas	10	991	15	668	306	0	0	18	1
Arthrobacter	810	35476	514	23845	11117	28	98	547	75
Pseudarthrobacter	385	11716	179	7868	3668	4	26	84	23
Micrococcus	278	8369	110	5687	2570	6	39	453	23
Kocuria	208	23490	378	15644	7469	16	137	208	15
Rothia	171	4414	57	2881	1475	43264	48451	852244	496
Glutamicibacter	150	10800	189	7229	3381	4	23	164	5
Nesterenkonia	44	894	16	581	296	0	4	9	0
Sinomonas	34	1919	34	1268	616	1	4	19	6
Paenarthrobacter	29	337	0	265	69	3	0	65	0
Renibacterium	24	1521	26	1029	466	1	2	22	0
Psychromicrobium	22	1079	17	724	336	0	4	23	0
Zhihengliuella	18	3164	37	2212	910	0	1	5	1
Auritidibacter	12	660	9	431	219	0	2	6	13
Neomicrococcus	11	1244	20	822	401	2	8	12	0
Serinicoccus	254	8539	125	5717	2696	3	6	89	14
Ornithinimicrobium	174	14497	262	9724	4510	8	4	89	2
Janibacter	114	5630	83	3772	1774	2	3	62	7
Tetrasphaera	71	1879	31	1258	589	1	4	66	2
Intrasporangium	36	2684	38	1793	852	2	0	31	1
Phycicoccus	33	1911	30	1252	628	0	5	29	5
Arsenicicoccus	13	3769	57	2591	1121	0	0	23	2
Brachybacterium	404	16746	227	11248	5270	14	14	402	13
Dermabacter	163	12820	180	8680	3959	11	16	83	0
Devriesea	28	1202	17	762	422	4	2	31	2
Cellulomonas	378	23225	440	15584	7201	20	24	341	18
Oerskovia	71	2620	33	1763	823	2	0	48	4
Pseudactinotalea	44	2446	37	1630	779	2	1	71	2
Paraoerskovia	29	1807	24	1212	570	4	0	28	1
Isoptericola	104	5682	45	3727	1910	11	1	89	2
Cellulosimicrobium	89	6291	105	4236	1949	5	0	97	1
Xylanimonas	55	5856	69	3949	1837	10	6	210	7
Xylanimicrobium	39	2596	46	1710	839	2	0	34	1
Brevibacterium	255	16090	242	10811	5037	96	20	989	14
Georgenia	164	13090	223	8732	4135	13	20	289	8
Jonesia	104	1609	16	1097	495	1	1	12	1
Luteipulveratus	49	2820	60	1936	823	0	1	19	1
Kytococcus	25	3586	59	2329	1198	2	0	38	0
Dermacoccus	12	2166	30	1369	767	1	43	23	2
Haloactinobacterium	43	5188	76	3498	1613	6	2	65	1
Ruania	38	3576	64	2383	1128	5	0	76	0
Beutenbergia	40	1654	25	1076	552	2	4	62	0
Miniimonas	31	6509	75	4564	1867	1	5	56	0
Austwickia	43	2737	68	1790	878	0	0	10	2
Dermatophilus	14	1893	24	1301	567	0	1	1	1
Luteimicrobium	38	2060	44	1340	675	1	2	41	7
Tropheryma	9	161	5	107	48	0	0	0	0
Sanguibacter	23	3447	62	2205	1181	0	3	56	1
Cutibacterium	1505	11706	201	7831	3684	65	1980	1071	2
Pseudopropionibacterium	361	43148	580	27992	14557	843	14	32588	3
Microlunatus	236	11412	165	7720	3527	6	3	141	12
Acidipropionibacterium	171	16973	301	11482	5212	12	8	329	7
Propionibacterium	108	29095	317	18952	9778	21	11	350	24
Tessaracoccus	102	55524	925	37084	17530	19	2	477	0
Auraticoccus	89	4612	72	3135	1406	0	2	34	4
Raineyella	41	3326	41	2360	925	2	2	33	1
Propionimicrobium	23	833	18	542	272	0	1	14	1
Nocardioides	914	37613	537	25275	11800	18	19	486	26
Aeromicrobium	243	11842	173	8030	3638	4	9	165	16
Friedmanniella	124	6298	105	4244	1949	2	4	100	4
Kribbella	70	2417	41	1664	712	2	2	17	4
Actinopolymorpha	55	1103	23	685	394	0	0	25	2
Pimelobacter	44	2563	36	1782	744	0	1	34	2
Micropruina	40	4665	91	3141	1434	4	3	61	1
Marmoricola	19	983	17	673	292	0	0	12	0
Micromonospora	1348	38282	603	25924	11755	23	22	797	93
Actinoplanes	829	20116	334	13520	6262	6	12	319	52
Plantactinospora	391	7513	94	5215	2203	1	0	67	16
Salinispora	102	1388	20	940	427	1	0	54	6
Verrucosispora	76	1547	29	1062	456	0	0	27	0
Amycolatopsis	708	20641	285	13806	6548	15	10	270	57
Pseudonocardia	421	11292	157	7843	3291	8	7	211	35
Saccharomonospora	256	10350	163	7036	3150	3	6	148	17
Saccharothrix	233	4793	55	3268	1468	1	2	62	17
Actinoalloteichus	232	4776	59	3236	1481	0	1	51	7
Actinosynnema	159	4272	79	2876	1317	0	0	95	21
Lentzea	117	3761	61	2586	1113	4	1	36	2
Kibdelosporangium	110	3021	49	2037	934	0	8	34	1
Kutzneria	110	2111	39	1381	690	0	2	50	22
Saccharopolyspora	98	5068	72	3429	1566	8	1	43	8
Alloactinosynnema	80	3398	55	2277	1064	4	0	42	22
Allokutzneria	61	2990	42	2089	858	1	0	41	2
Prauserella	56	790	9	552	228	3	2	33	9
Actinomyces	943	199110	2972	133084	63053	4338	7224	694576	187
Schaalia	126	46973	688	31419	14866	17023	10323	161088	95
Trueperella	66	10161	154	6636	3370	6	1	136	1
Flaviflexus	58	5093	92	3355	1645	8	9	76	1
Arcanobacterium	41	4944	88	3230	1625	2	0	17	0
Mobiluncus	26	2192	46	1461	685	4	1	26	0
Actinobaculum	7	1465	27	988	449	4	2	43	1
Actinotignum	3	1654	25	1092	535	0	1	20	3
Nonomuraea	242	10723	155	7276	3292	3	2	130	39
Streptosporangium	239	7339	93	5125	2119	2	4	84	15
Nocardiopsis	275	9120	148	6050	2921	5	5	99	29
Streptomonospora	75	2022	24	1355	642	2	1	52	17
Thermobifida	41	2254	41	1512	699	0	1	10	2
Actinomadura	312	9979	144	6734	3100	2	0	70	7
Thermomonospora	77	6253	97	4264	1891	2	1	18	4
Bifidobacterium	678	22670	339	15269	7062	26	22	1174	76
Gardnerella	127	2032	19	1352	660	5	3	45	9
Scardovia	48	476	5	305	164	0	0	4	0
Parascardovia	7	622	10	394	218	1	2	54	0
Frankia	490	9227	116	6350	2761	7	6	192	64
Jatrophihabitans	57	838	17	563	257	0	3	19	10
Catenulispora	248	4832	79	3252	1500	5	3	543	126
CandidatusPlanktophila	149	2294	35	1501	756	8	2	108	3
CandidatusNanopelagicus	91	837	15	550	271	0	0	0	2
Blastococcus	120	2066	37	1367	661	1	2	23	0
Geodermatophilus	62	4894	78	3223	1592	1	0	9	0
Modestobacter	41	2535	32	1680	823	4	4	99	42
Jiangella	203	7860	114	5300	2445	2	3	116	1
Nakamurella	158	5661	98	3799	1762	0	2	80	13
Stackebrandtia	74	2029	27	1373	628	0	7	80	7
Kineococcus	60	3079	41	1987	1049	1	0	53	9
Actinopolyspora	50	893	11	589	292	0	0	3	1
Thermobispora	36	2096	52	1385	659	1	2	57	6
Acidothermus	18	167	3	110	54	0	2	9	1
Epidermidibacterium	8	1404	17	945	441	0	0	11	0
Gordonibacter	75	2619	46	1767	805	2	1	29	9
Eggerthella	65	1450	21	1001	426	5	2	26	0
Adlercreutzia	50	1679	23	1088	568	1	0	12	3
Slackia	49	1357	27	888	441	0	0	13	1
Arabia	33	137	2	97	38	0	0	10	0
Denitrobacterium	25	801	10	543	248	0	1	2	0
Cryptobacterium	11	1621	20	1099	501	0	1	1	0
Phoenicibacter	8	30	1	22	6	0	0	0	0
Olsenella	77	4562	84	3055	1424	1	7	169	4
Parolsenella	47	971	15	662	292	0	8	23	3
Atopobium	31	477	8	290	178	110	168	1024	7
Libanicoccus	21	1889	25	1282	578	0	0	11	0
Collinsella	34	1961	36	1316	608	1	0	76	0
Coriobacterium	33	236	3	161	72	0	2	12	0
Rubrobacter	197	2278	38	1558	680	0	1	14	4
Baekduia	56	2348	40	1623	684	1	1	47	3
Egibacter	78	1116	30	748	337	2	0	24	5
Euzebya	64	2105	37	1400	667	0	1	23	5
Egicoccus	24	1059	7	702	348	1	6	10	1
Ilumatobacter	33	1227	12	841	373	1	0	5	0
Acidimicrobium	32	1014	16	689	308	0	1	3	1
Conexibacter	52	1768	17	1202	548	0	0	33	5
Nostoc	2896	0	0	0	0	29	25	0	892
Anabaena	494	0	0	0	0	0	4	0	41
Trichormus	390	0	0	0	0	0	0	0	12
Cylindrospermum	160	0	0	0	0	0	0	0	11
Calothrix	1846	0	0	0	0	7	7	0	160
Dolichospermum	223	0	0	0	0	7	5	0	76
Sphaerospermopsis	182	0	0	0	0	2	1	0	32
Nodularia	162	0	0	0	0	0	0	0	9
Anabaenopsis	95	0	0	0	0	0	0	0	0
Raphidiopsis	47	0	0	0	0	0	0	0	14
Rivularia	375	0	0	0	0	2	0	0	48
Microchaete	143	0	0	0	0	4	1	0	52
Scytonema	372	0	0	0	0	3	2	0	43
Fischerella	297	0	0	0	0	0	0	0	58
Gloeothece	295	0	0	0	0	0	0	0	0
Crocosphaera	153	0	0	0	0	0	1	0	0
CandidatusAtelocyanobacterium	134	0	0	0	0	0	1	0	0
Halothece	77	0	0	0	0	0	0	0	0
Euhalothece	50	0	0	0	0	1	0	0	0
Rippkaea	112	0	0	0	0	0	0	0	0
Geminocystis	514	0	0	0	0	1	0	0	0
Chondrocystis	198	0	0	0	0	1	2	0	0
Gloeocapsa	104	0	0	0	0	1	2	0	0
Microcystis	393	0	0	0	0	0	4	0	0
Cyanobacterium	128	0	0	0	0	0	0	0	0
Trichodesmium	292	0	0	0	0	1	1	0	0
Microcoleus	141	0	0	0	0	2	0	0	0
Arthrospira	93	0	0	0	0	0	0	0	0
Planktothrix	86	0	0	0	0	1	0	0	0
Limnospira	53	0	0	0	0	0	0	0	0
Moorea	228	0	0	0	0	3	0	0	0
Oscillatoria	161	0	0	0	0	2	4	0	0
Crinalium	122	0	0	0	0	1	1	0	0
Cyanothece	81	0	0	0	0	1	0	0	0
Geitlerinema	63	0	0	0	0	0	0	0	0
Synechococcus	851	15586	254	10528	4803	7	11	0	102
CandidatusIzimaplasma	89	319	0	218	94	0	0	0	6
Thermus	947	0	0	0	0	2	16	0	36
Meiothermus	85	0	0	0	0	2	0	0	172
Oceanithermus	19	0	0	0	0	0	4	0	8
Marinithermus	15	0	0	0	0	0	0	0	3
Deinococcus	791	0	0	0	0	6	2	0	26
Truepera	17	0	0	0	0	0	0	0	0
Dehalococcoides	620	3668	0	2394	1208	9	0	0	167
Dehalogenimonas	15	312	0	215	86	0	0	0	1
Anaerolinea	84	742	0	484	246	0	0	0	1
Brevefilum	42	121	0	82	37	0	0	0	1
Pelolinea	36	630	0	419	201	0	0	0	0
Roseiflexus	101	2129	0	1439	657	1	0	0	2
Chloroflexus	67	923	0	625	283	0	0	0	5
Ktedonosporobacter	98	372	0	249	115	0	0	0	6
CandidatusPromineofilum	84	2772	0	1898	828	0	0	0	1
Sphaerobacter	56	2510	0	1719	749	0	2	0	0
Thermomicrobium	13	502	0	326	168	0	0	0	1
Caldilinea	64	738	0	490	233	0	0	0	1
Tepidiforma	8	1547	0	1056	483	0	0	0	2
Fimbriimonas	32	993	0	657	326	1	0	0	0
Chthonomonas	16	789	0	510	273	0	0	0	0
Thermobaculum	81	512	0	333	173	0	3	0	1
Chryseobacterium	6428	349453	4944	232251	112261	100	70	0	722
Flavobacterium	4720	71195	1056	47017	23121	56	47	0	512
Polaribacter	2208	15095	264	9799	5030	22	2	0	341
Capnocytophaga	1494	10126316	146359	6631560	3348323	1089	575	0	177
Elizabethkingia	1414	38855	535	25659	12660	24	22	0	308
Tenacibaculum	1220	12997	169	8532	4294	9	6	0	229
Formosa	1073	9708	139	6354	3213	11	7	0	93
Cellulophaga	838	7010	101	4529	2379	7	2	0	125
Aquimarina	802	7069	103	4586	2380	6	2	0	106
Myroides	708	11524	152	7595	3776	13	8	0	40
Maribacter	707	9471	177	6254	3038	11	3	0	29
Gramella	655	8516	140	5641	2734	2	2	0	39
Lacinutrix	632	5926	85	3934	1907	0	1	0	68
Algibacter	620	5642	61	3723	1856	7	0	0	58
Winogradskyella	603	6666	91	4357	2217	3	3	0	43
Empedobacter	505	3450	59	2273	1116	6	9	0	166
Nonlabens	502	12848	184	8549	4114	3	3	0	43
Dokdonia	463	7997	111	5255	2630	6	2	0	20
Kordia	400	5315	74	3449	1791	3	0	0	61
Salegentibacter	325	4212	80	2800	1330	2	0	0	38
Olleya	300	1755	16	1159	579	2	1	0	28
Riemerella	296	44945	691	29740	14514	4	3	0	31
Apibacter	257	2739	30	1782	926	0	0	0	44
Psychroflexus	231	2945	44	1933	966	0	0	0	13
Ornithobacterium	228	11974	170	7898	3903	8	0	0	28
Aequorivita	224	6357	89	4205	2063	5	0	0	39
Antarcticibacterium	206	3848	66	2610	1172	6	0	0	60
Urechidicola	203	2140	34	1377	727	0	3	0	30
Lutibacter	200	2884	38	1922	922	4	0	0	22
Arenibacter	196	2071	20	1349	701	3	0	0	8
Flavivirga	184	1116	17	668	430	2	4	0	47
Cloacibacterium	175	22211	308	14659	7243	9	4	0	7
Mariniflexile	168	2386	49	1565	771	2	0	0	19
Tamlana	158	1450	18	975	457	2	1	0	31
Psychroserpens	151	1091	10	692	388	1	0	0	19
Euzebyella	150	3077	49	2072	955	1	0	0	4
Wenyingzhuangia	145	1396	19	895	481	5	2	0	22
Seonamhaeicola	145	2482	32	1643	805	3	0	0	22
Muricauda	141	3512	59	2344	1108	2	0	0	18
Siansivirga	131	1366	37	843	485	1	0	0	8
Changchengzhania	127	1253	16	811	425	1	0	0	16
Croceibacter	119	2207	35	1447	723	4	4	0	16
Gillisia	110	1784	25	1193	565	0	1	0	14
Marinirhabdus	104	1041	16	667	356	1	3	0	5
Sediminicola	103	1127	14	764	347	1	3	0	13
Zunongwangia	101	2611	57	1729	824	1	0	0	6
Zobellia	101	1649	20	1071	558	2	2	0	1
Oceanihabitans	93	648	5	416	226	4	0	0	9
Aureitalea	92	1005	18	652	333	2	0	0	9
Flagellimonas	81	1164	15	780	368	1	0	0	6
Muriicola	79	1393	13	919	460	0	0	0	6
Weeksella	75	1341	17	888	436	1	3	0	1
Bergeyella	54	18847	242	12549	6055	7	4	0	5
Robiginitalea	49	2005	41	1330	633	1	4	0	2
Gilvibacter	28	1827	17	1246	563	1	8	0	2
Blattabacterium	477	4504	78	2891	1533	2	1	0	93
Fluviicola	203	1662	20	1118	522	2	0	0	26
CandidatusSulcia	113	509	3	320	185	3	2	0	27
CandidatusWalczuchella	1	98	1	60	37	1	0	0	6
Owenweeksia	87	2397	37	1631	729	4	3	0	2
Ichthyobacterium	79	1489	19	992	477	0	0	0	8
Spirosoma	1287	11394	193	7624	3576	13	14	0	72
Runella	324	2605	36	1767	802	7	1	0	21
Rhodocytophaga	309	2335	31	1574	729	4	0	0	34
Dyadobacter	278	5108	73	3402	1632	1	2	0	51
Fibrella	171	2531	54	1647	828	1	6	0	16
Arcticibacterium	122	1106	14	720	370	2	1	0	18
Cytophaga	85	1565	25	1005	534	6	5	0	24
Allopseudarcicella	61	1320	14	856	449	0	0	0	3
Leadbetterella	51	1600	16	1050	534	3	0	0	0
Fibrisoma	12	6	0	4	2	0	0	0	0
Hymenobacter	893	19611	274	13249	6088	6	26	0	65
Pontibacter	438	8746	129	5829	2788	6	5	0	72
Rufibacter	230	4750	68	3150	1531	1	3	0	20
Nibribacter	65	1603	28	1043	532	3	3	0	6
Echinicola	375	8429	117	5678	2633	2	5	0	25
Cyclobacterium	375	3766	57	2489	1219	4	2	0	19
Algoriphagus	222	1484	25	989	469	3	0	0	8
Aquiflexum	166	1866	26	1257	582	2	0	0	14
Belliella	128	1413	14	951	447	0	0	0	10
Flammeovirga	524	3003	53	1952	998	10	8	0	78
Fabibacter	270	1074	17	708	348	0	0	0	16
Marivirga	206	1815	28	1197	589	0	3	0	7
Bernardetia	360	2062	36	1326	698	2	6	0	36
Chryseolinea	83	2360	37	1585	738	1	5	0	75
CandidatusCardinium	88	1125	14	740	371	0	0	0	35
CandidatusAmoebophilus	35	6111	95	4026	1988	0	4	0	2
Persicobacter	110	698	6	452	240	1	0	0	9
Bacteroides	2199	308607	4846	205184	98579	152	282	0	298
Prevotella	875	232656	3642	155230	73784	11609	14940	0	1201
Paraprevotella	71	6529	102	4353	2073	6	17	0	10
Alloprevotella	46	5370	79	3628	1662	13	31	0	1
Porphyromonas	359	2025521	33456	1355280	636775	171	234	0	25
Fermentimonas	89	4416	64	2917	1434	1	0	0	14
Petrimonas	62	10877	196	7279	3401	2	7	0	2
Tannerella	194	3808081	59572	2554993	1193547	161	576	0	68
Parabacteroides	157	26541	387	17726	8427	8	23	0	15
Alistipes	260	22363	361	14898	7104	20	63	0	20
Mucinivorans	43	5286	80	3533	1672	2	3	0	16
CandidatusAzobacteroides	157	1530	30	978	521	0	5	0	35
Butyricimonas	107	6836	111	4486	2241	1	16	0	0
Odoribacter	90	6635	102	4381	2148	5	9	0	6
Muribaculum	116	15260	223	10216	4820	11	37	0	15
Paludibacter	141	12140	208	8141	3790	2	0	0	8
Proteiniphilum	58	6128	95	4077	1955	6	3	0	1
Barnesiella	47	9073	119	6000	2953	11	11	0	3
Draconibacterium	118	6718	106	4470	2140	8	4	0	25
Labilibaculum	221	3532	56	2369	1106	2	1	0	26
Alkalitalea	115	3161	49	2116	996	2	0	0	12
Salinivirga	113	1229	17	807	404	2	0	0	8
Mucilaginibacter	1557	16240	265	10804	5170	19	33	0	422
Pedobacter	1444	13364	199	8737	4428	15	5	0	184
Sphingobacterium	1355	24370	364	16250	7758	25	26	0	170
Pseudopedobacter	220	1287	23	852	411	2	1	0	7
Solitalea	159	2829	58	1883	887	2	3	0	14
Olivibacter	55	2277	16	1504	751	0	0	0	14
Anseongella	41	1486	14	1004	467	0	2	0	2
Chitinophaga	1104	13111	230	8711	4168	5	16	0	146
Arachidicoccus	569	3996	68	2639	1288	7	8	0	75
Flavisolibacter	208	3503	64	2337	1101	3	1	0	8
Pseudobacter	187	914	19	625	269	0	1	0	5
Niabella	177	3460	44	2337	1078	2	2	0	27
Panacibacter	164	2279	34	1501	744	0	1	0	26
Niastella	145	983	11	664	307	0	0	0	4
Paraflavitalea	118	1585	23	1035	527	0	2	0	0
Filimonas	113	1312	11	851	450	0	1	0	9
Flavihumibacter	46	1625	20	1087	516	0	2	0	0
Salinibacter	93	1215	17	812	385	0	0	0	1
Rhodothermus	67	3896	65	2657	1173	0	2	0	1
Saprospira	90	464	4	307	153	0	2	0	3
Haliscomenobacter	86	2858	51	1938	868	3	0	0	2
Chlorobium	166	6136	101	4062	1972	4	0	0	22
Pelodictyon	154	701	9	459	231	0	1	0	0
Prosthecochloris	92	3558	65	2326	1166	0	0	0	4
Chlorobaculum	84	4981	83	3299	1597	2	3	0	3
Chloroherpeton	70	978	15	648	314	0	0	0	3
Ignavibacterium	155	521	8	353	160	0	2	0	24
Melioribacter	75	262	4	161	97	1	0	0	22
CandidatusCyclonatronum	52	1350	22	932	395	0	0	0	16
Gemmatirosa	153	2245	21	1549	674	0	0	0	10
Gemmatimonas	122	2812	44	1873	893	0	1	0	2
Fibrobacter	64	1225	23	827	375	1	1	0	5
CandidatusCloacimonas	56	657	9	435	213	0	0	0	12
Planctomyces	135	2363	0	1596	726	1	4	0	2
Rubinisphaera	131	683	0	457	215	0	0	0	5
Planctopirus	101	449	0	331	111	0	0	0	5
Gimesia	91	1753	0	1205	537	0	0	0	5
Bremerella	63	1411	0	939	444	2	0	0	2
Fuerstia	62	2062	0	1401	632	0	0	0	3
Crateriforma	46	605	0	388	206	0	0	0	0
Gemmata	244	3217	0	2184	998	0	0	0	8
Tuwongella	68	830	0	548	269	1	0	0	1
Mariniblastus	112	425	0	306	115	0	0	0	5
Pirellula	87	748	0	498	242	0	0	0	15
Rhodopirellula	43	466	0	303	155	7	3	0	4
Roseimaritima	40	1101	0	734	351	0	1	0	8
Bythopirellula	55	159	0	109	49	0	0	0	0
Thermogutta	46	856	0	585	265	0	0	0	0
Aquisphaera	135	2482	0	1684	766	5	2	0	4
Singulisphaera	68	1557	0	1104	431	0	0	0	1
Paludisphaera	48	934	0	649	266	0	0	0	0
Isosphaera	42	759	0	520	231	4	0	0	17
Sedimentisphaera	86	879	0	569	286	2	1	0	18
Limihaloglobus	78	343	0	233	101	2	0	0	10
Anaerohalosphaera	63	1343	0	954	366	0	0	0	4
Phycisphaera	61	1660	0	1129	506	0	0	0	1
CandidatusKuenenia	115	241	0	139	100	0	0	0	7
Chlamydia	1145	2861	0	1899	934	4	0	0	71
CandidatusProtochlamydia	133	532	0	353	175	0	0	0	4
Parachlamydia	104	253	0	163	88	0	2	0	13
Neochlamydia	89	634	0	428	192	0	0	0	2
Waddlia	49	135	0	87	43	2	1	0	1
Simkania	49	248	0	135	105	9	2	0	165
Lacunisphaera	101	1786	0	1212	548	0	0	0	1
Ereboglobus	101	3190	0	2133	1014	0	0	0	10
Opitutus	91	2805	0	1852	911	2	7	0	15
Nibricoccus	43	1323	0	893	411	2	0	0	1
Coraliomargarita	46	819	0	527	280	0	0	0	2
Verrucomicrobium	91	2261	0	1520	710	1	3	0	14
Roseimicrobium	90	1050	0	699	339	1	2	0	27
Akkermansia	124	3179	0	2101	1032	0	1	0	7
Methylacidiphilum	192	1592	0	1103	473	0	1	0	7
CandidatusXiphinematobacter	8	16	0	7	7	0	0	0	0
Kiritimatiella	54	1502	0	1039	449	2	0	0	4
Fusobacterium	4234	600261	0	370921	220659	3406	795	0	1810
Ilyobacter	139	2500	0	1510	946	0	0	0	43
Leptotrichia	1531	112694	0	71184	39886	653	110	0	454
Sebaldella	156	3961	0	2531	1373	1	0	0	40
Streptobacillus	147	3614	0	2283	1287	6	0	0	38
Sneathia	106	3276	0	2141	1101	0	0	0	11
Borrelia	1240	2942	0	1778	1112	9	5	0	173
Borreliella	792	1785	0	1075	686	20	10	0	270
Treponema	982	1594465	0	1031715	540471	24	35	0	88
Spirochaeta	340	2644	0	1742	862	4	7	0	156
Oceanispirochaeta	105	1042	0	671	355	0	0	0	14
Sphaerochaeta	102	4316	0	2883	1372	2	3	0	9
Sediminispirochaeta	58	702	0	462	227	0	0	0	8
Salinispira	41	833	0	565	250	0	0	0	2
Brachyspira	1103	5440	0	3403	1960	13	0	0	220
Leptospira	1008	6300	0	4119	2057	3	2	0	114
Turneriella	31	598	0	389	204	1	0	0	2
Thermotoga	1698	3139	0	2056	1033	2	0	0	2
Pseudothermotoga	169	768	0	538	217	2	0	0	5
Thermosipho	337	1813	0	1172	611	2	0	0	31
Fervidobacterium	194	552	0	365	176	3	0	0	18
Defluviitoga	183	1066	0	657	385	1	0	0	10
Marinitoga	109	543	0	311	218	0	0	0	20
Petrotoga	77	842	0	553	267	0	0	0	9
Mesotoga	80	305	0	211	91	0	0	0	3
Kosmotoga	46	794	0	527	253	2	0	0	2
Athalassotoga	19	638	0	428	199	0	0	0	8
Terriglobus	185	3612	0	2446	1123	3	1	0	23
Granulicella	183	3224	0	2170	1000	0	2	0	15
Acidisarcina	86	1159	0	762	381	1	0	0	15
Acidobacterium	68	993	0	672	299	0	1	0	41
CandidatusKoribacter	40	1695	0	1150	524	0	1	0	0
Edaphobacter	35	532	0	327	192	0	0	0	1
CandidatusSolibacter	107	1259	0	862	380	1	0	0	15
Luteitalea	82	1812	0	1246	543	0	0	0	8
Chloracidobacterium	30	1088	0	732	341	0	0	0	0
Sulfurihydrogenibium	215	713	0	463	242	0	0	0	6
Persephonella	51	183	0	119	59	0	1	0	11
Hydrogenobaculum	101	260	0	145	106	0	0	0	48
Hydrogenobacter	62	306	0	205	95	0	0	0	0
Thermocrinis	57	689	0	480	203	0	1	0	23
Aquifex	31	919	0	619	287	0	3	0	70
Thermosulfidibacter	42	397	0	245	146	0	1	0	1
Desulfurobacterium	73	349	0	205	142	1	0	0	3
Thermovibrio	37	63	0	37	23	0	0	0	0
CandidatusBabela	113	358	0	220	127	2	0	0	15
CandidatusBipolaricaulis	32	61	0	42	18	0	0	0	0
Vampirococcus	18	304	0	203	98	0	0	0	1
Deferribacter	155	1055	0	669	364	2	1	0	38
Calditerrivibrio	113	504	0	335	164	0	0	0	3
Flexistipes	88	164	0	95	66	3	3	0	2
Geovibrio	67	1578	0	1074	484	0	0	0	4
Denitrovibrio	21	440	0	296	136	1	0	0	0
Thermodesulfobacterium	224	1160	0	775	371	0	2	0	13
Caldimicrobium	74	238	0	147	84	0	0	0	11
Thermodesulfatator	68	390	0	237	146	0	0	0	0
Nitrospira	118	6052	0	4040	1916	0	0	0	4
Leptospirillum	105	1032	0	692	316	1	2	0	5
Thermodesulfovibrio	85	391	0	262	122	0	0	0	2
Aminobacterium	53	996	0	663	323	0	0	0	0
Cloacibacillus	52	1635	0	1080	531	0	0	0	0
Aminomonas	50	3357	0	2235	1072	0	0	0	1
Thermovirga	40	688	0	442	228	0	0	0	1
Acetomicrobium	35	1251	0	828	406	0	1	0	5
Thermanaerovibrio	20	2624	0	1757	822	0	0	0	0
Jonquetella	18	1022	0	688	322	0	0	0	0
Elusimicrobium	74	1445	0	996	426	0	0	0	19
Endomicrobium	59	265	0	184	73	0	1	0	0
Dictyoglomus	182	907	0	594	297	0	0	0	31
Caldithrix	133	1677	0	1097	558	1	0	0	6
Caldisericum	61	612	0	399	203	0	0	0	10
Coprothermobacter	37	95	0	56	37	1	1	0	0
Desulfurispirillum	20	1260	0	838	386	0	1	0	2
Gammaretrovirus	18512	20094	0	13373	6414	0	0	0	0
Lentivirus	13	20	0	13	5	0	0	0	0
Betaretrovirus	4	8	0	5	3	0	0	0	0
Spumavirus	7	7	0	2	5	0	0	0	0
Simiispumavirus	3	12	0	10	2	0	0	0	0
Caulimovirus	9	4	0	2	2	0	0	0	0
Solendovirus	7	9	0	5	3	0	0	0	0
Soymovirus	6	12	0	6	4	0	0	0	0
Cavemovirus	1	0	0	0	0	0	0	0	0
Badnavirus	1	210	0	144	66	0	0	0	0
Tequatrovirus	111	125	0	77	41	0	0	0	0
Moonvirus	18	16	0	10	6	0	0	0	6
Dhakavirus	14	13	0	11	2	0	0	0	0
Jiaodavirus	14	16	0	12	4	0	0	0	0
Krischvirus	13	16	0	13	0	0	0	0	0
Schizotequatrovirus	8	157	0	94	61	0	0	0	0
Gaprivervirus	6	4	0	3	1	0	0	0	0
Karamvirus	3	5	0	2	3	0	0	0	0
Gelderlandvirus	2	25	0	14	11	0	0	0	0
Alcyoneusvirus	66	58	0	30	28	0	0	0	6
Eneladusvirus	51	68	0	47	19	1	0	0	5
Firehammervirus	24	26	0	17	8	0	0	0	1
Fletchervirus	14	0	0	0	0	0	0	0	0
Tegunavirus	29	20	0	13	0	0	0	0	7
Asteriusvirus	24	21	0	14	7	0	0	0	0
Mooglevirus	21	17	0	14	3	0	0	0	0
Phikzvirus	21	15	0	13	2	0	0	0	0
Metrivirus	21	26	0	14	10	0	0	0	0
Certrevirus	11	415	0	266	141	0	0	0	0
Avunavirus	5	2	0	1	1	0	0	0	0
Seunavirus	1	0	0	0	0	0	0	0	0
Erskinevirus	17	19	0	15	4	0	0	0	0
Tidunavirus	15	20	0	14	5	0	0	0	0
Polybotosvirus	13	13	0	7	4	0	0	0	0
Chakrabartyvirus	11	4	0	1	3	0	0	0	0
Bixzunavirus	9	31	0	18	13	0	0	0	0
Risingsunvirus	9	8	0	5	2	0	0	0	0
Jilinvirus	8	2	0	0	2	0	0	0	0
Plaisancevirus	7	20	0	8	11	0	0	0	0
Svunavirus	6	13	0	11	2	0	0	0	0
Ionavirus	6	60	0	43	17	0	0	0	0
Iapetusvirus	6	4	0	3	1	0	0	0	0
Popoffvirus	5	5	0	5	0	0	0	0	0
Nankokuvirus	4	4	0	3	1	0	0	0	0
Ripduovirus	4	3	0	3	0	0	0	0	0
Aphroditevirus	3	6	0	5	1	0	0	0	0
Elvirus	3	6	0	3	3	0	0	0	0
Pakpunavirus	1	0	0	0	0	0	0	0	0
Ficleduovirus	1	2	0	2	0	0	0	0	0
Agricanvirus	1	1	0	1	0	0	0	0	0
Seoulvirus	1	0	0	0	0	0	0	0	0
Radnorvirus	1	0	0	0	0	0	0	0	1
Chiangmaivirus	1	1	0	1	0	0	0	0	0
Busanvirus	1	0	0	0	0	0	0	0	0
Ravinvirus	81	9	0	7	1	0	0	0	0
Hendrixvirus	46	7	0	4	2	0	0	0	0
Phietavirus	34	114	0	73	38	0	0	0	5
Skunavirus	31	20	0	13	7	0	0	0	0
Fromanvirus	31	109	0	78	30	0	1	0	0
Samistivirus	16	62	0	43	18	0	0	0	0
Efquatrovirus	13	330	0	224	98	0	0	0	0
Hanrivervirus	4	1	0	0	1	0	0	0	0
Tunavirus	3	3	0	3	0	0	0	0	0
Nonagvirus	11	9	0	0	4	0	0	0	0
Phicbkvirus	10	43	0	30	11	0	0	0	0
Steinhofvirus	10	1	0	0	1	0	0	0	0
Brujitavirus	9	11	0	11	0	0	0	0	0
Elerivirus	9	8	0	7	1	0	0	0	0
Wilnyevirus	9	4	0	3	1	0	0	0	0
Timquatrovirus	8	195	0	132	60	0	0	0	0
Likavirus	1	1	0	0	1	0	0	0	0
Ceetrepovirus	8	0	0	0	0	0	0	0	0
Abidjanvirus	8	4	0	1	3	0	0	0	0
Nonanavirus	7	17	0	15	2	37	43	0	1886
Sextaecvirus	7	6	0	3	3	0	0	0	0
Omegavirus	6	4	0	4	0	0	0	0	0
Kojivirus	6	4	0	2	2	0	0	0	1
Tequintavirus	6	10	0	7	3	0	0	0	0
Trigintaduovirus	6	11	0	10	1	0	0	0	0
Ilzatvirus	6	18	0	13	5	0	0	0	0
Priunavirus	6	7	0	2	5	0	0	0	0
Saundersvirus	4	5	0	4	1	0	0	0	1
Phayoncevirus	4	0	0	0	0	0	0	0	0
Nickievirus	4	9	0	6	3	0	0	0	0
Weaselvirus	4	7	0	5	2	0	0	0	0
Barnyardvirus	4	5	0	3	2	0	0	0	0
Korravirus	4	2	0	1	1	0	0	0	0
Samunavirus	3	11	0	7	3	0	0	0	0
Amigovirus	3	2	0	1	1	0	0	0	0
Sanovirus	3	6	0	5	1	0	0	0	0
Detrevirus	2	0	0	0	0	0	0	0	0
Pikminvirus	2	4	0	3	1	0	0	0	0
Andromedavirus	2	16	0	13	2	0	0	0	3
Getseptimavirus	1	1	0	1	0	0	0	0	0
Orchidvirus	1	0	0	0	0	0	0	0	0
Galunavirus	1	0	0	0	0	0	0	0	0
Demosthenesvirus	1	0	0	0	0	0	0	0	0
Kagunavirus	1	0	0	0	0	0	0	0	0
Nanhaivirus	1	0	0	0	0	0	0	0	0
Teseptimavirus	15	9	0	7	0	0	0	0	0
Phikmvvirus	10	0	0	0	0	0	0	0	0
Zindervirus	6	3	0	1	2	0	0	0	1
Friunavirus	2	8	0	5	3	0	0	0	0
Lederbergvirus	52	2	0	1	1	0	0	0	0
Salasvirus	9	13	0	6	5	0	0	0	0
Ithacavirus	14	17	0	13	4	0	0	0	0
Kafunavirus	13	7	0	5	2	0	0	0	0
Bjornvirus	8	7	0	5	2	0	0	0	0
Pagevirus	7	7	0	3	4	0	0	0	0
Jasminevirus	7	5	0	5	0	0	0	0	0
Baltimorevirus	2	38	0	22	16	0	0	0	0
Schmidvirus	1	5	0	5	0	0	0	0	0
Gamaleyavirus	1	6	0	3	3	0	0	0	0
Litunavirus	1	0	0	0	0	0	0	0	0
Wphvirus	41	38	0	25	11	0	0	0	0
Bequatrovirus	19	23	0	15	7	0	0	0	0
Nitunavirus	12	33	0	21	10	0	0	0	0
Tsarbombavirus	12	0	0	0	0	0	0	0	0
Agatevirus	8	5	0	3	2	0	0	0	0
Caeruleovirus	8	13	0	8	1	0	0	0	0
Kayvirus	39	45	0	29	16	0	0	0	3
Okubovirus	11	16	0	9	6	0	0	0	0
Pecentumvirus	14	9	0	6	3	0	0	0	4
Kochikohdavirus	7	12	0	12	0	0	0	0	5
Pandoravirus	798	2055	0	1346	691	9	6	0	321
Pithovirus	1	35	0	22	13	0	0	0	0
Orthobunyavirus	39	39	0	24	13	0	0	0	0
Phlebovirus	14	10	0	6	4	0	0	0	0
Tenuivirus	12	19	0	11	8	0	0	0	0
Phasivirus	4	80	0	53	24	0	0	0	0
Orthotospovirus	18	288	0	188	98	0	0	0	0
Orthonairovirus	15	4	0	1	3	0	0	0	0
Striwavirus	8	14	0	7	7	0	0	0	0
Orthohantavirus	5	4	0	2	2	0	0	0	5
Thottimvirus	2	2	0	2	0	0	0	0	0
Orthophasmavirus	6	69	0	41	27	0	0	0	0
Reptarenavirus	3	5	0	1	4	0	0	0	0
Mammarenavirus	1	1	0	1	0	0	0	0	0
Emaravirus	2	11	0	6	5	0	0	0	3
Ephemerovirus	35	18	0	13	4	0	0	0	6
Hapavirus	15	21	0	14	6	0	0	0	0
Nucleorhabdovirus	11	10	0	7	3	0	0	0	0
Dichorhavirus	1	0	0	0	0	0	0	0	7
Lyssavirus	1	5	0	3	2	0	0	0	0
Morbillivirus	10	1	0	0	0	0	0	0	0
Respirovirus	6	0	0	0	0	0	0	0	1
Henipavirus	4	1	0	0	1	0	0	0	0
Jeilongvirus	1	31	0	19	12	0	0	0	0
Pararubulavirus	18	9	0	2	7	0	0	0	0
Avulavirus	7	21	0	12	8	0	0	0	0
Anphevirus	4	3	0	1	2	0	0	0	0
Ebolavirus	4	5	0	2	2	0	0	0	0
Carbovirus	3	4	0	2	2	0	0	0	0
Nepovirus	13	16	0	7	9	0	0	0	1
Fabavirus	1	0	0	0	0	0	0	0	1
Comovirus	1	0	0	0	0	0	0	0	0
Waikavirus	5	5	0	3	2	0	0	0	0
Cheravirus	1	0	0	0	0	0	0	0	0
Iflavirus	9	18	0	11	7	0	0	0	0
Enterovirus	9	14	0	12	2	0	0	0	0
Cosavirus	5	10	0	8	2	0	0	0	0
Hepatovirus	3	5	0	1	4	0	0	0	0
Betacoronavirus	15	29	0	22	6	0	0	0	0
Alphacoronavirus	14	7	0	1	6	0	0	0	0
Alphamononivirus	5	11	0	7	4	0	0	0	0
Epsilonarterivirus	4	2	0	1	1	0	0	0	0
Charybnivirus	2	0	0	0	0	0	0	0	0
Potyvirus	38	55	0	27	27	0	0	0	5
Bymovirus	5	7	0	4	3	0	0	0	0
Deltaflexivirus	10	5	0	3	2	0	0	0	0
Allexivirus	6	2	0	1	1	0	0	0	0
Potexvirus	4	1	0	1	0	0	0	0	0
Tymovirus	6	14	0	12	2	0	0	0	1
Foveavirus	4	3	0	1	2	0	0	0	0
Orbivirus	10	11	0	8	3	0	0	0	0
Rotavirus	7	2	0	2	0	0	0	0	0
Cypovirus	9	3	0	2	1	0	0	0	0
Coltivirus	1	1	0	0	1	0	0	0	0
Alphavirus	15	8	0	3	5	0	0	0	0
Flavivirus	12	22	0	14	8	0	0	0	0
Crinivirus	6	4	0	3	1	0	0	0	0
Velarivirus	1	1	0	1	0	0	0	0	0
Alphachrysovirus	6	3	0	2	1	0	0	0	0
Chrysovirus	1	7	0	6	1	0	0	0	0
Tobravirus	5	9	0	7	2	0	0	0	0
Tobamovirus	2	7	0	6	1	0	0	0	0
Betapartitivirus	3	12	0	10	2	0	0	0	0
Invictavirus	6	10	0	6	4	0	0	0	0
Ilarvirus	6	2	0	2	0	0	0	0	0
Alphaendornavirus	5	4	0	1	3	0	0	0	4
Mitovirus	5	4	0	3	1	0	0	0	1
Avipoxvirus	79	141	0	96	44	1	0	0	31
Orthopoxvirus	39	42	0	26	16	0	0	0	0
Suipoxvirus	26	25	0	9	16	0	0	0	0
Capripoxvirus	24	11	0	8	3	0	0	0	0
Parapoxvirus	23	44	0	32	12	0	0	0	1
Cervidpoxvirus	22	7	0	3	3	0	0	0	0
Yatapoxvirus	13	12	0	6	6	0	0	0	0
Centapoxvirus	2	3	0	3	0	0	0	0	0
Betaentomopoxvirus	86	83	0	43	35	1	0	0	21
Alphaentomopoxvirus	10	7	0	6	1	0	0	0	2
Roseolovirus	53	549	0	365	174	0	0	0	11
Muromegalovirus	42	35	0	26	9	0	0	0	0
Cytomegalovirus	28	118	0	77	40	0	0	0	16
Proboscivirus	10	6	0	4	2	0	0	0	0
Percavirus	60	45	0	34	11	0	0	0	17
Rhadinovirus	23	30	0	23	7	0	0	0	0
Macavirus	19	14	0	10	4	0	0	0	2
Lymphocryptovirus	15	10	0	4	6	0	0	0	4
Varicellovirus	33	49	0	37	11	0	0	0	0
Mardivirus	19	20	0	13	7	0	0	0	0
Scutavirus	14	7	0	7	0	0	0	0	0
Simplexvirus	12	242	0	186	54	0	0	0	2
Cyprinivirus	25	594	0	381	203	1	0	0	12
Batrachovirus	15	13	0	10	3	0	0	0	0
Ostreavirus	10	6	0	5	1	0	0	0	0
Chlorovirus	51	54	0	30	23	0	0	0	3
Prymnesiovirus	48	26	0	13	13	2	0	0	20
Prasinovirus	32	36	0	23	13	0	0	0	27
Coccolithovirus	14	17	0	6	11	0	0	0	4
Raphidovirus	10	9	0	6	3	0	0	0	5
Phaeovirus	7	6	0	3	2	0	0	0	0
Mimivirus	186	393	0	240	149	2	0	0	5
Cafeteriavirus	111	174	0	82	92	0	0	0	2
Alphabaculovirus	202	299	0	175	124	0	0	0	34
Betabaculovirus	120	130	0	75	53	1	1	0	11
Gammabaculovirus	17	8	0	5	3	0	0	0	0
Chloriridovirus	54	78	0	43	34	0	0	0	1
Iridovirus	43	63	0	48	14	2	0	0	3
Lymphocystivirus	20	19	0	14	5	0	0	0	5
Megalocytivirus	4	9	0	5	4	0	0	0	0
Ichnovirus	96	80	0	47	33	1	0	0	19
Bracovirus	26	714	0	488	215	1	0	0	1
Marseillevirus	74	67	0	49	18	2	0	0	2
Betanudivirus	40	60	0	42	18	0	0	0	0
Alphanudivirus	16	9	0	7	2	0	0	0	1
Asfivirus	83	55	0	36	19	0	0	0	0
Mastadenovirus	45	32	0	27	6	0	0	0	8
Aviadenovirus	21	67	0	39	27	0	0	0	0
Atadenovirus	9	8	0	4	4	0	0	0	1
Siadenovirus	1	0	0	0	0	0	0	0	0
Alphapapillomavirus	11	16	0	11	5	0	0	0	0
Gammapapillomavirus	10	67	0	47	19	0	0	0	0
Betapapillomavirus	10	7	0	4	3	1	0	0	1
Deltapapillomavirus	9	7	0	6	1	0	0	0	0
Dyothetapapillomavirus	2	9309	0	6298	2871	0	0	0	0
Mupapillomavirus	1	0	0	0	0	0	0	0	0
Rudivirus	32	13	0	6	7	0	0	0	2
Betalipothrixvirus	7	5	0	5	0	0	0	0	0
Glossinavirus	25	8	0	4	3	0	0	0	5
Muscavirus	2	9	0	6	3	0	0	0	0
Begomovirus	20	248	0	172	74	0	0	0	1
Ascovirus	19	29	0	18	11	0	0	0	0
Toursvirus	2	1	0	1	0	0	0	0	0
Inovirus	18	4	0	3	1	0	0	0	0
Betatorquevirus	16	29	0	16	11	0	0	0	12
Gammatorquevirus	2	1	0	1	0	0	0	0	0
Bicaudavirus	1	0	0	0	0	0	0	0	0
Copiparvovirus	7	1	0	1	0	0	0	0	0
Tetraparvovirus	1	0	0	0	0	0	0	0	0
Bocaparvovirus	1	0	0	0	0	0	0	0	0
Circovirus	5	4	0	1	2	0	0	0	0
Betafusellovirus	6	5	0	0	5	0	0	0	0
Orthohepadnavirus	6	8	0	3	4	0	0	0	0
Betapolyomavirus	4	9	0	6	2	0	0	0	0
Alphapolyomavirus	1	1	0	1	0	0	0	0	0
Plasmavirus	3	3	0	2	1	0	0	0	0
Gemykibivirus	2	5	0	3	2	0	0	0	0
Whispovirus	2	4	0	1	3	0	0	0	0
Ampullavirus	1	0	0	0	0	0	0	0	0
Frederiksenia	0	23	0	12	11	0	0	0	0
CandidatusTremblaya	0	3	0	3	0	0	0	0	0
Sulfobacillus	0	43	0	29	14	0	0	0	0
CandidatusSaccharimonas	0	1258	0	853	385	0	0	0	1
Nupapillomavirus	0	42	0	24	18	0	0	0	0
Lambdapapillomavirus	0	8	0	5	3	0	0	0	0
Dyomupapillomavirus	0	1	0	1	0	0	0	0	0
Phipapillomavirus	0	1	0	1	0	0	0	0	0
Hapunavirus	0	212	0	150	60	0	0	0	0
Peduovirus	0	131	0	79	46	0	0	0	0
Marthavirus	0	8	0	6	0	0	0	0	0
Bcepmuvirus	0	1	0	0	1	0	0	0	0
Peatvirus	0	1	0	0	1	0	0	0	0
Biquartavirus	0	1	0	0	1	0	0	0	0
Pbunavirus	0	1	0	1	0	0	0	0	0
Vhmlvirus	0	1	0	1	0	0	0	0	0
Noxifervirus	0	1	0	1	0	0	0	0	0
Yuavirus	0	301	0	199	96	0	0	0	0
Vividuovirus	0	153	0	110	38	0	0	0	0
Smoothievirus	0	117	0	89	27	0	0	0	0
Delepquintavirus	0	19	0	12	4	0	0	0	0
Doucettevirus	0	9	0	9	0	0	0	0	0
Slashvirus	0	8	0	6	0	0	0	0	1
Cheoctovirus	0	5	0	4	0	0	0	0	0
Betterkatzvirus	0	4	0	4	0	0	0	0	0
Pahexavirus	0	2	0	3	0	0	17	0	0
Bronvirus	0	2	0	2	0	0	0	0	0
Bongovirus	0	2	0	0	2	0	0	0	0
Pegunavirus	0	2	0	0	2	0	0	0	0
Gamtrevirus	0	2	0	1	1	0	0	0	0
Sourvirus	0	2	0	2	0	0	0	0	0
Titanvirus	0	2	0	1	1	0	0	0	0
Dhillonvirus	0	1	0	0	1	0	0	0	0
Brussowvirus	0	1	0	0	1	0	0	0	0
Cbastvirus	0	1	0	1	0	0	0	0	0
Nyceiraevirus	0	1	0	0	1	0	0	0	0
Sugarlandvirus	0	1	0	1	0	0	0	0	0
Bingvirus	0	1	0	1	0	0	0	0	0
Jerseyvirus	0	1	0	1	0	0	0	0	0
Laroyevirus	0	1	0	1	0	0	0	0	0
Cimpunavirus	0	1	0	1	0	0	0	0	0
Gustavvirus	0	1	0	1	0	0	0	0	0
Bruynoghevirus	0	59	0	45	14	0	0	0	0
Lightbulbvirus	0	11	0	5	0	0	0	0	0
Johnsonvirus	0	8	0	5	0	0	0	0	0
Sepunavirus	0	9	0	0	1	0	0	0	0
Twortvirus	0	2	0	1	1	0	0	0	0
Siminovitchvirus	0	1	0	0	1	0	0	0	0
Agtrevirus	0	6	0	3	2	0	0	0	0
Sigmavirus	0	84	0	57	24	0	0	0	0
Tibrovirus	0	17	0	14	3	0	0	0	1
Curiovirus	0	2	0	1	0	0	0	0	0
Orthoavulavirus	0	1	0	1	0	0	0	0	0
Orthopneumovirus	0	2	0	2	0	0	0	0	0
Yuyuevirus	0	1	0	1	0	0	0	0	0
Ophiovirus	0	1	0	1	0	0	0	0	0
Negevirus	0	1	0	0	1	0	0	0	0
Rosavirus	0	2	0	2	0	0	0	0	0
Mischivirus	0	1	0	0	1	0	0	0	0
Torradovirus	0	1	0	1	0	0	0	0	0
Gammaarterivirus	0	21	0	15	6	0	0	0	0
Iotaarterivirus	0	1	0	1	0	0	0	0	0
Tiruvirus	0	6	0	5	1	0	0	0	0
Alphamesonivirus	0	1	0	1	0	0	0	0	9
Marafivirus	0	1	0	0	1	0	0	0	0
Carlavirus	0	1	0	1	0	0	0	0	0
Vitivirus	0	1	0	1	0	0	0	0	0
Seadornavirus	0	1	0	0	1	0	0	0	0
Mycoreovirus	0	1	0	1	0	0	0	0	0
Fijivirus	0	1	0	1	0	0	0	0	0
Mamastrovirus	0	12	0	10	2	0	0	0	0
Betachrysovirus	0	1	0	1	0	0	0	0	0
Ampelovirus	0	1	0	1	0	0	0	0	0
Quadrivirus	0	2	0	0	2	0	0	0	0
Luteovirus	0	1	0	0	1	0	0	0	0
Ictalurivirus	0	1	0	1	0	0	2	0	6
Molluscipoxvirus	0	1	0	1	0	0	0	0	1
Crocodylidpoxvirus	0	1	0	0	1	0	0	0	0
Ranavirus	0	1	0	0	1	0	0	0	6
Nanovirus	0	2	0	2	0	0	0	0	1
Mycoplasma	0	0	0	0	0	125	21	1927	0
Ureaplasma	0	0	0	0	0	6	0	78	0
CandidatusHepatoplasma	0	0	0	0	0	1	0	33	0
Spiroplasma	0	0	0	0	0	29	8	1048	0
Entomoplasma	0	0	0	0	0	7	0	126	0
Mesoplasma	0	0	0	0	0	6	1	178	0
Acholeplasma	0	0	0	0	0	5	7	359	0
Prochlorococcus	0	0	0	0	0	11	0	0	155
Dactylococcopsis	0	0	0	0	0	1	0	0	0
Leptolyngbya	0	0	0	0	0	3	2	0	0
Pseudanabaena	0	0	0	0	0	2	0	0	0
Halomicronema	0	0	0	0	0	1	1	0	0
Stanieria	0	0	0	0	0	3	2	0	0
Pleurocapsa	0	0	0	0	0	1	1	0	0
Methanosarcina	0	0	0	0	0	16	3	0	225
Methanococcoides	0	0	0	0	0	2	1	0	26
Methanothrix	0	0	0	0	0	6	2	0	2
Methanoregula	0	0	0	0	0	2	0	0	8
Methanocorpusculum	0	0	0	0	0	2	1	0	63
Methanolacinia	0	0	0	0	0	1	0	0	13
Methanocella	0	0	0	0	0	2	0	0	2
Haloplanus	0	0	0	0	0	2	0	0	8
Halogeometricum	0	0	0	0	0	1	0	0	3
Haloquadratum	0	0	0	0	0	1	0	0	5
Salinigranum	0	0	0	0	0	1	1	0	11
Natronomonas	0	0	0	0	0	2	0	0	0
Haloarcula	0	0	0	0	0	1	0	0	16
Halostella	0	0	0	0	0	1	1	0	1
Natronorubrum	0	0	0	0	0	3	0	0	6
Methanobrevibacter	0	0	0	0	0	7	2	0	55
Methanobacterium	0	0	0	0	0	3	0	0	77
Methanothermobacter	0	0	0	0	0	2	1	0	43
Methanosphaera	0	0	0	0	0	1	0	0	22
Methanocaldococcus	0	0	0	0	0	5	4	0	98
Methanotorris	0	0	0	0	0	2	0	0	24
Methanococcus	0	0	0	0	0	3	1	0	78
Methanothermococcus	0	0	0	0	0	1	0	0	18
Methanofervidicoccus	0	0	0	0	0	1	0	0	18
Thermococcus	0	0	0	0	0	11	4	0	72
Pyrococcus	0	0	0	0	0	3	2	0	47
Cuniculiplasma	0	0	0	0	0	1	0	0	10
Methanomassiliicoccus	0	0	0	0	0	1	0	0	1
Acidianus	0	0	0	0	0	15	0	0	61
Sulfolobus	0	0	0	0	0	3	0	0	82
Stygiolobus	0	0	0	0	0	1	0	0	33
Metallosphaera	0	0	0	0	0	1	1	0	17
Thermosphaera	0	0	0	0	0	2	0	0	13
Staphylothermus	0	0	0	0	0	1	0	0	37
Acidilobus	0	0	0	0	0	1	1	0	4
Nitrosopumilus	0	0	0	0	0	3	0	0	26
CandidatusNitrosomarinus	0	0	0	0	0	1	0	0	12
CandidatusNitrosocosmicus	0	0	0	0	0	2	0	0	69
Nitrososphaera	0	0	0	0	0	1	1	0	35
CandidatusNitrosotenuis	0	0	0	0	0	2	0	0	22
Moineauvirus	0	0	0	0	0	2	0	0	0
Obolenskvirus	0	0	0	0	0	1	0	0	0
Tabernariusvirus	0	0	0	0	0	1	0	0	1
Megabirnavirus	0	0	0	0	0	1	0	0	0
Narmovirus	0	0	0	0	0	1	0	0	5
Taupapillomavirus	0	0	0	0	0	1	0	0	0
Chamaesiphon	0	0	0	0	0	0	3	0	361
Gloeomargarita	0	0	0	0	0	0	1	0	0
Natrinema	0	0	0	0	0	0	5	0	8
Natronolimnobius	0	0	0	0	0	0	2	0	4
Halorubrum	0	0	0	0	0	0	4	0	9
Halobacterium	0	0	0	0	0	0	1	0	11
Halorussus	0	0	0	0	0	0	1	0	1
Methanosalsum	0	0	0	0	0	0	1	0	0
CandidatusMethanomethylophilus	0	0	0	0	0	0	1	0	8
Thermoplasma	0	0	0	0	0	0	1	0	15
Aciduliprofundum	0	0	0	0	0	0	2	0	10
Geoglobus	0	0	0	0	0	0	3	0	0
Pyrobaculum	0	0	0	0	0	0	5	0	8
Caldivirga	0	0	0	0	0	0	1	0	0
Thermofilum	0	0	0	0	0	0	1	0	3
CandidatusNitrosotalea	0	0	0	0	0	0	1	0	18
CandidatusKorarchaeum	0	0	0	0	0	0	1	0	1
Tortellinivirus	0	0	0	0	0	0	1	0	0
CandidatusPhytoplasma	0	0	0	0	0	0	0	72	0
Methanomethylovorans	0	0	0	0	0	0	0	0	24
Methanohalobium	0	0	0	0	0	0	0	0	15
Methanohalophilus	0	0	0	0	0	0	0	0	9
Methanofollis	0	0	0	0	0	0	0	0	11
Methanoplanus	0	0	0	0	0	0	0	0	8
Methanoculleus	0	0	0	0	0	0	0	0	7
Methanolinea	0	0	0	0	0	0	0	0	2
Methanospirillum	0	0	0	0	0	0	0	0	1
Haloferax	0	0	0	0	0	0	0	0	17
Haloprofundus	0	0	0	0	0	0	0	0	8
Halopenitus	0	0	0	0	0	0	0	0	11
Halohasta	0	0	0	0	0	0	0	0	5
Halalkaliarchaeum	0	0	0	0	0	0	0	0	2
Halobiforma	0	0	0	0	0	0	0	0	21
Natronobacterium	0	0	0	0	0	0	0	0	20
Halopiger	0	0	0	0	0	0	0	0	11
Halovivax	0	0	0	0	0	0	0	0	3
Haloterrigena	0	0	0	0	0	0	0	0	2
Natrialba	0	0	0	0	0	0	0	0	1
Salinarchaeum	0	0	0	0	0	0	0	0	1
Halostagnicola	0	0	0	0	0	0	0	0	1
Halanaeroarchaeum	0	0	0	0	0	0	0	0	8
Salarchaeum	0	0	0	0	0	0	0	0	1
Halomicrobium	0	0	0	0	0	0	0	0	1
Halorientalis	0	0	0	0	0	0	0	0	1
Halorhabdus	0	0	0	0	0	0	0	0	1
Methanothermus	0	0	0	0	0	0	0	0	39
Palaeococcus	0	0	0	0	0	0	0	0	1
Ferroplasma	0	0	0	0	0	0	0	0	32
Picrophilus	0	0	0	0	0	0	0	0	25
Archaeoglobus	0	0	0	0	0	0	0	0	11
Sulfurisphaera	0	0	0	0	0	0	0	0	29
Sulfodiicoccus	0	0	0	0	0	0	0	0	11
Sulfuracidifex	0	0	0	0	0	0	0	0	5
Saccharolobus	0	0	0	0	0	0	0	0	4
Ignicoccus	0	0	0	0	0	0	0	0	8
Aeropyrum	0	0	0	0	0	0	0	0	2
Desulfurococcus	0	0	0	0	0	0	0	0	2
Thermogladius	0	0	0	0	0	0	0	0	1
Pyrolobus	0	0	0	0	0	0	0	0	1
Vulcanisaeta	0	0	0	0	0	0	0	0	15
Thermoproteus	0	0	0	0	0	0	0	0	2
Caldisphaera	0	0	0	0	0	0	0	0	4
Fervidicoccus	0	0	0	0	0	0	0	0	2
CandidatusNitrosocaldus	0	0	0	0	0	0	0	0	38
CandidatusNitrosopelagicus	0	0	0	0	0	0	0	0	8
CandidatusMancarchaeum	0	0	0	0	0	0	0	0	4
Chivirus	0	0	0	0	0	0	0	0	3
Inhavirus	0	0	0	0	0	0	0	0	1
Helsingorvirus	0	0	0	0	0	0	0	0	1
Iltovirus	0	0	0	0	0	0	0	0	8
Sripuvirus	0	0	0	0	0	0	0	0	2
Marburgvirus	0	0	0	0	0	0	0	0	5
Torovirus	0	0	0	0	0	0	0	0	9
Harkavirus	0	0	0	0	0	0	0	0	1
Kobuvirus	0	0	0	0	0	0	0	0	1
Torchivirus	0	0	0	0	0	0	0	0	1
