Capnocytophaga_NZ_CP022387.1	2831350	5868526	384570
Komagataeibacter_NZ_CP050139.1	3597563	4007	14864
Porphyromonas_NC_010729.1	2354886	354214	117369
Prevotella_NZ_CP072373.1	3038072	33802	17146
Pseudomonas_NZ_CP063233.1	6957239	81907	86880
Rothia_NZ_CP079201.1	2434262	31405	21711
Staphylococcus_NZ_CP040625.1	2938218	11351	12383
Streptococcus_NZ_CP097843.1	2063152	5118	4847
Tannerella_NC_016610.1	3405521	5555787	1241463
Treponema_NC_002967.9	2843201	1444457	468864
Veillonella_NZ_CP019721.1	2178518	3114	3909
*	0	0	674418564
