Capnocytophaga_NZ_CP022387.1	2831350	1430	517
Komagataeibacter_NZ_CP050139.1	3597563	42	50
Porphyromonas_NC_010729.1	2354886	268	81
Prevotella_NZ_CP072373.1	3038072	29185	6516
Pseudomonas_NZ_CP063233.1	6957239	3054	1050
Rothia_NZ_CP079201.1	2434262	942172	42564
Staphylococcus_NZ_CP040625.1	2938218	6686	2368
Streptococcus_NZ_CP097843.1	2063152	4111418	552322
Tannerella_NC_016610.1	3405521	2107	643
Treponema_NC_002967.9	2843201	1592	309
Veillonella_NZ_CP019721.1	2178518	2065596	84217
*	0	0	868490248
