Genus	Basepaws_WGS1	Basepaws_WGS2	Kean5	Kean6a	Kean6b	Nebula_lcWGS	Ombre5	Ombre6	PetQCheck1	PetQCheck2	PetQCheck3	PetQCheck4	Psomagen1a	Psomagen1b	Psomagen2	Psomagen3	Psomagen4	SequencingDotCom_WGS	thryve2	thryve3a	thryve3b	thryve4	uBiome_Fecal2013	uBiome_Fecal2014	uBiome_Fecal2019	uBiome_Oral2014	uBiome_Oral2019	Veritas_WGS
Komagataeibacter	72.5214596643533	0.0338973170950675	0	0	0.0042806971798767	0	0	0	0	0	0	0	0	0.00182860104963688	0.00725592273498975	0	0.0054500670908764	0	0	0	0	0	0	0	0	0	0	0
Burkholderia	17.13635515709	0.549367527698173	0.00377046360206527	0.00553901296575729	3.40763021505321	0	0	0	0.00872410032715376	0.158780040025802	0	0	0	1.28816993507572	3.80070633707401	0	1.64237496527647	0	0	0	0	0	0.393615447341891	0	0	0	0.00200279246492252	0
Cupriavidus	0.286944001757491	0.432842410970815	0	4.46694594012684e-05	0.0533209648721483	0	0	0	1.59069429298437	2.81669175170771	2.47535640733409	0.84241714020386	0	0.0235034863173436	0.0364674692797381	0	0.0342528458984171	0	0	0	0	0	0	0	0	0	0.000286113209274646	0
Ralstonia	0.0287912231511546	0.323588066107973	0	0.000223347297006342	0.0146444903522098	0	0	0	0.0159941839331152	0.0148856287524189	0	0	0	0.00559512168992154	0.00939278023946893	0	0.00884121994742172	0	0	0	0	1.00062033066321	0	0	0	0	0	0
Lautropia	0.000142038594726959	0.209310248910006	0	4.46694594012684e-05	0.00106641929744297	0	0	0	0	0	0	0	0	0.000626097098516975	0.000610530715565481	0	0.000946880343061354	0	0.478201960628039	0	0	0	0.00894580562140663	0	0	1.14716981132075	0.171954038774062	0
Variovorax	0.0029757085595298	0.895657602761766	0	0	0.00947761375614806	0	0	0	0	0	0	0	0	0.00471063531265152	0.00723244078439108	0	0.0101404278599943	0	0	0	0	0	0	0	0	0	0	0
Acidovorax	0.00212347699116804	1.71044043133059	0	0	0.00740485512168145	0	0	0	0	0	0	0	0	0.00383608698456432	0.00570611399547738	0	0.00649603956286278	0	0	0	0	0	0	0	0	0	0	0
Hydrogenophaga	0.00168552465742658	0.664062182712075	0	4.46694594012684e-05	0.00714951528989933	0	0	0	0	0	0	0	0	0.00499883873895299	0.00668061494532228	0	0.00342418356618699	0	0	0	0	0	0	0	0	0	0	0
Comamonas	0.00148193600498461	1.23859485191458	0	8.93389188025369e-05	0.00378503750641729	0	0	0	0	0.00496187625080631	0	0.00221106860945895	0	0.00189816739391654	0.00327573210851479	0	0.00335812214690364	0	0	0	0	0	0	0	0	0	0	0
Ottowia	0.000385871515674906	0.932042766110044	0	0	0.000781039485451187	0	0	0	0	0	0	0.00221106860945895	0	0.000357769770581128	0.000680976567361498	0	0.000869808687230779	0	0	0	0	0	0	0	0	0	0	0
Achromobacter	0.00298044317935403	0.442248446904311	0.00966181298029226	0.00960393377127271	0.0107392929249538	0	1.28364272414377	0	0	0	0	0	0.0242990259260042	0.005883325116223	0.00800734515414727	0	0.0104487144833166	0	0.549932254722244	0.336091602345688	0.629811056682995	0	0.00584918059861202	0	0	0	0	0
Neisseria	0.00310117598487194	5.09464450893037	0	0.000223347297006342	0.012226271945332	0	0	0	0	0.00165395875026877	0.00799792054065943	0.00221106860945895	0.00105647938808714	0.00925232378919529	0.0141126523098021	0	0.00931466011895239	0	0	0	0	0	0	0	0	0.638993710691824	6.70849641786262	0
Eikenella	0.000208323272266207	0.637536139879831	0	0	0.000645859574507712	0	0	0	0	0	0	0	0	0.000397521967312365	0.000821868270953532	0	0.000814757504494654	0	0	0	0	0	0	0.0942353346260488	0	5.45408805031447	0.700405136304333	0
Klebsiella	1.17062054768188	0.0911754462294128	0.000471307950258159	0.00201012567305708	0.417555724914288	0	0.00282119280031597	0	0.00145401672119229	0.125700865020426	0	0	0.00176079898014523	0.609739069562071	0.257561775141537	0	0.282654792640362	0	0	0	0	0.0242738085605632	0.000344069446977178	0	0.000885363175974785	0	0.00286113209274646	0
Salmonella	0.0588655282746761	0.370295320036624	0.0487803728517194	0.0971114047383576	0.0103037132119137	0	0	0	0.888404216648491	1.25700865020426	1.09371563393518	0.0574877838459327	0.0785316345144773	0.00734421834609594	0.00966282267135366	0	0.0442060997371086	0	0	0.24337667756067	2.06538038588423	2.20891657901125	0.127305695381556	0.221090592776499	0.269150405496335	0	4.75090984000549	0
Escherichia	0.00569338033863895	0.109974337454003	0.0240367054631661	0.0269356840189649	0.0112049126182036	0	0.126953676014219	0	0.388222464558342	0.421759481318536	0.877771779337372	0.0397992349702611	0.0211295877617428	0.00225593716449767	0.0148053698524629	0	3.18089036920296	0	0	0.157615372134529	0.0919724082775168	0.0997923240823152	0.111134431373628	0.366068030662728	0.357686723093813	5.15220125786163	0.130753736638513	0
Citrobacter	0.00381136895850674	0.0570013356439219	0	0	0.440145790031954	0	0	0	0	0	0	0	0	0.169294667829153	0.820283239288121	0	0.121971400470159	0	0	0	0	0	0	0	0	0	0	0
Pseudomonas	0.187131113932945	5.39626209173599	0.000706961925387238	0.00174210891664947	0.197768209710303	0	0	0	0	0.00496187625080631	0.00599844040549457	0.751763327216044	0.00352159796029046	0.0976711473686481	0.141114782122721	0	0.171693628717427	0	0.00398501633856699	0	0.00199940017994602	0	0.00825766672745227	0.00724887189431145	0.000885363175974785	0.0855345911949685	0.00515003776694362	0
Xanthomonas	0.108706871164366	1.19222205678685	0	0.000134008378203805	0.0590435811020888	0	0	0	0	0	0	0	0	0.0225991238417079	0.0427606320401823	0	0.0335371805228475	0	0	0	0	0	0	0	0	0	0	0
Stenotrophomonas	0.00384214398736425	0.986788564323075	0	0.000625372431617758	0.00647361573518195	0	0	0	0	0	0	0	0	0.00386590113211275	0.00540084863769464	0	0.00811454433530486	0	0	0	0	0	0	0	0	0	0	0
Lysobacter	0.00154111875278751	0.693006873424924	0.000235653975129079	0.000178677837605074	0.00621827590339983	0	0	0	0	0	0	0	0	0.00428329919779073	0.00521299303290526	0	0.00691442855165733	0	0	0	0	0	0.000344069446977178	0	0	0	0	0
Vibrio	0.0214572970434193	0.161489230698461	0.242252286432694	0.355658235752899	0.0124665917870093	0	0.118490097613271	0	0.024718284260269	0.00661583500107507	0.0819786855417591	0	0.427521992379262	0.00934176623184058	0.0119288309041255	0	0.0145445224788843	0	0	0.171522610852282	0	0.0215767187205006	0.034751014144695	0.0579909751544916	0	0.462893081761006	3.4531003227357	0
Haemophilus	0.00430376942022686	0.0908492253299852	0.000942615900516318	0.00116140594443298	0.00189251875320865	0	0	0	0	0	0.00199948013516486	0	0.00563455673646474	0.00310067134503645	0.00356925649099819	0	0.00241124180384229	0	0	0	0	0	0	0	0	2.06792452830189	0.701263475932157	0
Pasteurella	0.0016287092195358	5.62413398030736	0.00141392385077448	0.00312686215808879	0.000315419792201441	0	0.0677086272075834	0	0.00145401672119229	0	0.0119968808109891	0	0.000352159796029046	0.0001093185410109	0.000645753641463489	0	0.00134324885876146	0	0	0.0764898129476392	0.0439868039588124	0	0.0061932500455892	0.00362443594715572	0.00265608952792435	2.10314465408805	0.321305134015427	0
Mannheimia	0.00114577799746414	0.1217578317606	0	0	0.00105139930733814	0	0	0	0	0	0	0	0	0.000506840508323265	0.000798386320354859	0	0.000704655139022403	0	0	0	0	0	0	0	0	0.608805031446541	0.037194717205704	0
Aggregatibacter	0.00102741250185834	0.0553109182559789	0	0.000268016756407611	0.000660879564612543	0	0	0	0	0	0	0	0.000352159796029046	0.000188822934473373	0.000176114629490042	0	0.000660614192833503	0	0	0	0	0	0.000344069446977178	0	0	1.82138364779874	0.00257501888347181	0
Bibersteinia	0.000679417944777288	0.744691467440296	0	0	0.00130673913912026	0	0	0	0	0	0.137964129326375	0	0	0.000347831721398319	0.000540084863769464	0	0.00111203389126973	0	0	0	0	0	0	0	0	0	0	0
Cardiobacterium	7.33866072755956e-05	0.725633906108584	0	0	0.000315419792201441	0	0	0	0	0	0	0	0	0.000168946836107755	0.000281783407184068	0	0.000429399225341777	0	0	0	0	0	0	0	0	1.45408805031447	0.00143056604637323	0
Campylobacter	0.0155650626721626	0.229359653582402	0.0011782698756454	0.000491364053413953	0.0199465468592149	0	0	0	0	0	0	0	0	0.0197469037262417	0.0199831399594702	0	0.0421802162124192	0	0	0	0	0	0	0	0	0.135849056603774	0.664927098354277	0
Desulfomicrobium	0.000250934850684295	4.19479381430475	0.00636265732848515	0.0170190640318833	0.00259845828813568	0	0	0	0	0	0	0	0.00140863918411618	0.00179878690208845	0.00198422482558781	0	0.00295074339465631	0	0	0.00463574623925086	0	0.00269708984006257	0	0	0	0	0	0
Bdellovibrio	0.0011694510965853	0.00818847409169269	0	0.000312686215808879	0.00141187906985407	0	0	0	0	0	0	0	0	0.000606221000151356	0.000951018999246229	0	0.00224608825563391	0	0	0	0	0	0.535372059496489	0.920606730577554	0	0	0	0
Staphylococcus	6.41562528703633	0.109237869059841	0.0351124422942328	0.0590083558690756	3.91167104299112	0	0.0169271568018958	0.0638488060273273	0.0450745183569611	0.0347331337556441	0.0899766060824186	0.201207243460765	0.0250033455180623	2.52781237599178	2.34079824542865	2.20221250563973	2.05684430986021	0	0.0239100980314019	0.0278144774355052	0.0239928021593522	0.245435175445694	0.400840905728412	0.0108733078414672	0.0292169848071679	0.0050314465408805	0.0938451326420838	0
Bacillus	0.0696273191351554	0.236157569900777	0.374689820455236	0.480241358023037	0.0637898979752152	0	0.0818145912091632	0.102158089643724	0.488549618320611	0.34898529630671	0.393897586627477	0.444424790501249	0.498658271177129	0.0403286035838394	0.057976936028122	0.0624654270231514	0.0631657270714301	0	0.0179325735235514	0.0741719398280138	0.0979706088173548	0.215767187205006	0.116639542525263	0.0598031931280694	0.259411410560612	0.155974842767296	0.693538419281741	0
Paenibacillus	0.0270323118864525	0.601856140900013	0.0780014657677253	0.108770133642089	0.150455240880087	0	0.0141059640015799	0.0212829353424424	0	0.0595425150096757	0.0259932417571431	0.00221106860945895	0.0348638198068756	0.0804087559381086	0.105152174780855	0.171885917685312	0.203832509198777	0	0.74719056348131	0.016225111837378	1.45956213136059	0.935890174501713	0.190614473625357	0.0108733078414672	0.391330523780855	0	0.132184302684886	0
Lactobacillus	0.0232895949153971	0.110712453428466	0.0459525251501705	0.0365842872496388	0.0349064570036261	0	0.0930993624104271	0.119184437917678	0.0697928026172301	0.0893137725145135	0.0939755663527483	0.0729652641121454	0.0271163042942366	0.0216351330709755	0.0298690411615112	0.0295839277304216	0.0314011946326858	0	0.0537977205706543	0.120529402220522	0.101969409177247	0.0215767187205006	0.2487622101645	0.358819158768417	0.210716435881999	0.060377358490566	0.667502117237749	0
Streptococcus	0.0182779998314475	0.436832850457753	0.357487080270814	1.02779959136379	0.0515335860496735	0	2.42622580827174	0.0851317413697697	0.0465285350781534	0.0363870925059129	0.245936056625277	0.0994980874256528	0.106704418196801	0.0237519375469138	0.0284483831502915	0.0423266864104838	0.109419730806323	0	1.34693552243564	0	0.539838048585424	1.69107532971923	0.359552572091151	0.260959388195212	0.0672876013740837	38.3547169811321	27.1747465036966	0
Clostridium	0.0785023639956782	0.236007640093465	0.535170177518139	0.799806670579711	0.0593590008942902	0	0.0677086272075834	0.0808751543012812	0.497273718647764	5.25131903210334	0.675824285685722	6.71943750414575	0.421183116050739	0.0379235956815996	0.044005175421912	0.0556582971552439	0.060908628579249	0	0.569857336415079	0.421852907771829	0.4518644406678	0.0458505272810637	0.124209070358761	0.105108642467516	0.0239048057513192	0.0050314465408805	0.00772505665041544	0
Lachnoclostridium	0.0028881180927815	0.0552796142302763	2.1847480034217	1.40771334357157	0.700877798261706	0	3.02149748913841	3.17541395309241	1.61250454380225	1.46871537023867	2.19942814868134	1.48583810555642	0.782499066776541	0.465269648591575	0.766251270960576	1.08951764418661	1.00908817955318	0	1.36885311229776	1.28873745451174	1.7074877536739	3.74086360816679	4.38378882393622	3.57006940794839	3.5007259978043	0.0050314465408805	0	0
Blautia	0.00173523816558102	0.0328016761954748	3.46269951054669	1.83542341733872	0.556265333532398	0	7.02759126558709	4.02673136679011	2.53289712831698	2.5735598154182	4.6028032711495	3.89369182125721	2.82467372394898	0.352343595727315	0.335474887227932	0.483647754818959	1.14855484589688	0	4.75213198374113	8.50195860278608	11.5065480355893	14.1489333009683	5.89356555727208	11.4423442851706	9.63098062825371	0.050314465408805	0	0
Anaerostipes	0.000906679696340423	0.00844879177911471	0.514903935657039	0.53844566362289	0.108249068685514	0	0.372397449641709	0.272421572383263	0.213740458015267	0.218322555035477	0.335912662707696	0.570455701240409	0.559934075686183	0.107917276076124	0.112748585799525	0.0903416837659492	0.0810573614606708	0	0.559894795568662	0.308277124910182	0.263920823752874	0.685060819375893	5.5209383461958	4.45261956108081	4.69065410631441	0	0	0
Anaerobutyricum	0.000577623618556301	0.00191119314816167	1.28290024060271	0.999747170859789	0.126348156761834	0	2.25695424025278	1.00029796109479	0	0	0	0	0.397236249920764	0.0583363487030895	0.0597146003724237	0.0908952047067652	0.171968884631108	0	0.944448872240376	2.86952692209628	2.00539838048585	5.46700110580683	8.05569796207667	7.81972055598847	8.76243935262245	0	0	0
Roseburia	0.000535012040138213	0.0115165862979742	0.291268313259542	0.456075180486951	0.236850223963072	0	0	0	0.882588149763722	1.3347447114669	0.901765540959351	0.451057996329626	0.506405786689768	0.192480136572647	0.22886683150996	0.372814019201524	0.155310396735157	0	0	0	0	0	0.0918665423429065	0	0	0	0	0
Lachnospira	0.000319586838135658	0.00513221263493415	5.56143381304628	5.25317309504857	0.343206773895377	0	4.95965694295548	10.543566168646	0.626681206833879	0.464762408825524	0.657828964469238	0.285227850620205	3.19866742733183	0.119922439488958	0.0773378042967273	0.125284165285122	0.0174402146908045	0	1.77532477883159	5.1224995943722	5.27441767469759	0.623027753054454	6.17914319826314	5.87158623439227	3.52728689308354	0.010062893081761	0	0
Anaerotignum	0.000243832920947947	0.00383886209932474	1.87462737215183	1.87111431540033	0.00485145680386026	0	0.315973593635389	0.19580300515047	0.447837150127226	0.43002927506988	0.653830004198908	0.756185464434961	1.43962924616674	0.00487958214875928	0.00252430968935728	0.00287359807572567	0.00304983552358134	0	0.201243325097633	0.273509028115801	0.243926821953414	0.0512447069611889	0.505782087056451	0.21202950290861	0.113326486524772	0	0.00343335851129575	0
Clostridioides	0.00304436054698116	0.0465490862198377	0.114763485887862	0.0523526064182866	0.24728911708593	0	0	0	0.0727008360596147	0.0231554225037628	0.0919760862175834	0.0641209896743096	0.0161993506173361	0.174949417814172	0.201533841013105	0.35369988118143	0.349619051320584	0	0	0.0069536193588763	0.0199940017994602	0.0161825390403754	0.0842970145094086	0.259147170221634	0.00531217905584871	0	0.569365286456545	0
Mageeibacillus	5.44481279786677e-05	0.00433807893026697	0.000471307950258159	0.00151876161964313	0.00530205650700517	0	0.0112847712012639	0	0.00290803344238459	0	0	0	0.00140863918411618	0.00313048549258487	0.00320528625671877	0.00620650076191569	0.00273053866371181	0	0	0	0.00199940017994602	0.00539417968012515	1.3779981351436	0	0	0	0.00543615097621827	0
Ruminococcus	0.00125230694350936	0.0101326188458571	3.15187191735144	3.23143336254716	0.937923282096142	0	2.99328556113525	8.02792321116928	0.495819701926572	0.580539521344338	0.693819606902205	0.762818670263338	3.65013628584106	0.969397069487933	0.359402994887979	0.191259150613872	0.26659085751796	0	6.22459552084164	4.45031638968083	4.48065580325902	6.17363864390323	9.27439194326983	10.7047715699244	0.358572086269788	0	0.00486392455766898	0
Flavonifractor	0.000563419759083605	0.0141477720372968	1.16978633254075	1.14894316526003	0.441948188844533	0	1.35417254415167	2.48584684799728	0.145401672119229	0.403565935065579	0.171955291624178	0.0375881663608022	0.73460533451659	0.353446719186606	0.70711197837782	0.620438089448277	0.720212603263632	0	0.524029648521559	0.797348353151148	0.719784064780566	3.74895487768698	0.665430310453862	0.73757271524619	0.496688741721854	0	0	0
Faecalibacterium	0.000456890813038385	0.017447875378476	6.57191805839977	6.52790545798257	1.76881411470526	0	5.98092873666986	9.82845954113991	7.55070883315158	5.75743040968558	11.0951152700298	9.92769805647069	12.342496531226	5.60963124172844	5.72043798534257	5.43011109165282	0.496891975376267	0	9.95058579740177	12.1572445124354	10.4908527441767	2.82924724222564	14.6983027054181	14.7695764846596	4.54102772957467	0.010062893081761	0	0
Ruthenibacterium	0.000179915553320815	0.0103698704090772	2.29267752403081	1.97372006364505	0.400312776273943	0	2.47418608587711	0.889626697314094	3.10432569974555	4.13985875192273	1.85151860516266	1.53890375218343	1.28679189469013	0.14554273028224	0.184638577557361	0.350908722394762	0.715489211784873	0	0.775085677851279	0.734765778921262	0.843746875937219	2.39501577797556	4.6253255757142	4.51785940812961	3.7079009809824	0.010062893081761	0	0
Intestinimonas	0.000499502391456473	0.00749319520503387	0	0.0630286072151898	0.708838393017267	0	0	0	0	0	0	0	0	0.227362689204307	0.280609309654134	0.575956204480999	0.792384703830692	0	0	0	0	0	0	0	0	0	0	0
Flintibacter	9.23250865725235e-05	0.00368893229201206	0.828795030528973	0.891200384514707	0.34654121169865	0	0.761722056085313	1.94526029029924	0.555434387495456	0.565653892591919	0.70381700757803	0.198996174851306	0.563807833442503	0.275979625806609	0.35939125391268	0.482128516492039	0.118360042882669	0	0.607714991631466	1.16357230605197	1.22363291012696	0.811824041858834	0.373315349970238	0.623402982910785	1.64234869143323	0	0	0
Oscillibacter	0.000305382978662962	0.00356536376950161	2.19063935279992	1.98587015660219	0.555889833779778	0	1.22439767533713	1.97079981271017	0.34896401308615	0.519343047584393	0.427888748925279	0	2.50772990752284	0.594682925050115	1.08618110689219	1.20818311226453	0.474695338497061	0	0.587789909938631	1.00132118767819	1.407577726682	2.13609515332956	0.796520769752167	0.623402982910785	1.89113574388214	0	0	0
Dysosmobacter	0.000198854032617743	0.00572039880208391	0	0	0.647466713448929	0	0	0	0	0	0	0	0	0.504723703847327	0.782054623713483	1.11182336039737	0.827969788351324	0	0	0	0	0	0	0	0	0	0	0
Christensenella	0.000281709879541802	0.00897107473425889	0.790619086558062	0.42681668457912	0.0933642584916265	0	0	0	0.00727008360596147	0.00496187625080631	0.0199948013516486	0.00221106860945895	0.281727836823237	0.0258488659244865	0.0426667042377876	0.0662458572785118	0.0831823371142853	0	0	0	0.0119964010796761	0.0161825390403754	0.0137627778790871	0.0108733078414672	0.00708290540779828	0	0.000858339627823937	0
Megamonas	0.000949291274758511	0.00293928325544864	0.0369976740952655	0	0.000615819594298051	0	0	0.0127697612054655	19.7833515085423	10.4579811779494	10.2353388119089	10.989010989011	0.00598671653249378	0.000367707819763938	0.025043500313484	0.00101282555128036	0.00107900318162806	0	0.00199250816928349	0	0.00199940017994602	0.00539417968012515	0	0	0	0	0.00429169813911969	0
Veillonella	0.00101320864238564	0.00704175820279568	0	0.00183144783545201	0.0014268990599589	0	0	0	0	0	0	0	0.0140863918411618	0.00160996396761508	0.00205467067738383	0.00179011027668156	0.00129920791257256	0	0	0	0	0	0.0282136946521286	0	0	20.0251572327044	12.3486461122937	0
Dialister	0.000369300346290094	0.00814893216448934	0.257098486865826	0.0329660610381361	0.00210279861467627	0	0.126953676014219	0.0595922189588388	0	0	0	0	0.642691627753009	0.00741378469037561	0.00535388473649729	0.00449882977429183	0.00576936395074593	0	0.280943651868973	0.0880791785457664	0.103968809357193	0.277800253526445	0	0	0	0	0	0
Peptoniphilus	0.00073149876284384	0.0106104171328976	0.103923403031924	0.00294818432048372	0.00205773864436178	0	0.124132483213903	0.0170263482739539	0.00290803344238459	0.00165395875026877	0.00999740067582429	0	0.00176079898014523	0.00110312345929181	0.00145588093711768	0.00305025369513503	0.00480046313459012	0	0	0.00231787311962543	0.00799760071978406	0.0539417968012514	0.067781681054504	0.244649426433011	2.40995856500336	0	0.00200279246492252	0
Finegoldia	0.000568154378907837	0.00503665297752607	0.0730527322900146	0.00107206702563044	0.00216287857509559	0	0.107205326412007	0	0	0.00330791750053754	0	0	0.000704319592058092	0.00090436247563563	0.000997982900443574	0.00276760470408005	0.0224829030294336	0	0	0	0.00399880035989203	0	0.036815430826558	0.137728565991918	2.96950809221943	0	0.0031472453020211	0
Murdochiella	7.57539171877116e-05	0.00512067957283317	0.0612700335335607	0.000268016756407611	0.00510679663564238	0	0.42035772724708	0.00425658706848849	0	0	0	0	0.000352159796029046	0.0042534850502423	0.00353403356510019	0.00416907261806101	0.00508672928481797	0	0.00398501633856699	0.0069536193588763	0	0	0.0316543891219004	0.105108642467516	0.735736799235046	0	0.00286113209274646	0
Erysipelothrix	0.0011552472371126	0.0104308308801824	0.0664544209864004	0.0100059589058841	0.00130673913912026	0	0.423178920047396	0.0297961094794194	0.0101781170483461	0.00661583500107507	0.0159958410813189	0.00221106860945895	0.0440199745036308	0.000586344901785738	0.000774904369756187	0.00070662247763746	0.00147537169732816	0	0	0.0509932086317595	0.127961611516545	0.0970952342422526	0.150358348329027	0.0598031931280694	0.698551545844105	0	0.0145917736730069	0
Turicibacter	0.000435585023829342	0.00243677126390613	0	0.000446694594012684	0.00294391806054678	0	0	0	0.00145401672119229	0.00330791750053754	0.0219942814868134	0.00663320582837685	0.00845183510469711	0.00325968013196139	0.00189029702319312	0.00259094908467068	0.00191578115921716	0	0	0	0	0.018879628880438	0.0323425280158547	0.530979866258314	0	0	0	0
Faecalibaculum	0.000113630875781567	0.00219292937948551	0.237539206930112	0.0582043055998528	0.00268857822876466	0	0	0.174520069808028	4.80697928026172	2.86961843171631	4.67278507588027	2.55378424392509	0.180657975362901	0.00193791959064778	0.00251256871405794	0.00345067309912959	0.00214699612670889	0	0.547939746552961	0.150661752775653	0	0.571783046093265	0.525738114981128	0	0	0	0.000858339627823937	0
Streptomyces	0.211433917490727	0.914253841609439	0.00542004142796883	0.0366289567090401	0.271876840887537	0	0	0	0.00290803344238459	0	0.0119968808109891	0	0.00633887632852283	0.121492651259842	0.194137026574524	0.292989233311079	0.225357521648602	0	0	0	0	0	0.0123865000911784	0	0	0.0553459119496855	0.590251550733594	0
Corynebacterium	0.00792338627585221	0.79805988852241	0.0923763582505991	0.000804050269222832	0.0288684209814843	0	0.0253907352028438	0.00425658706848849	0.00290803344238459	0.00330791750053754	0.00599844040549457	0.00221106860945895	0.000352159796029046	0.015513294774365	0.0261001880904243	0.0328697222514358	0.0384147153132682	0	0	0	0	0	0.0474815836828505	0.219278374802921	3.56004533059461	1.20754716981132	0.00257501888347181	0
Rothia	0.000579990928468417	0.0114885774328719	0.0011782698756454	0	0.00132175912922509	0	0	0	0	0.00165395875026877	0	0	0	0.00045715026240922	0.0011036516781376	0.00254384091949485	0.00449217651126782	0	0	0	0	0	0.00447290281070331	0	0.00885363175974785	3.23522012578616	3.22621254778091	0
Actinomyces	0.00331186656705027	0.500946790257377	0.00542004142796883	0.00196545621365581	0.0108594528457925	0	0	0	0.0189022173754998	0.00826979375134384	0	0	0	0.00474044946019995	0.00756118809277249	0.0178775486842277	0.0163061603264403	0	0	0	0	0	0	0	0.0292169848071679	4.50314465408805	2.11094325802834	0
Schaalia	0.000426115784180878	0.121027953687638	0.000706961925387238	0.000268016756407611	0.00312415794180475	0	0	0	0	0	0	0	0.00105647938808714	0.00119256590193709	0.00199596580088715	0.00877389576399846	0.00604461986442655	0	0	0	0	0	0.00550511115163485	0	0	0.452830188679245	3.89285632539083	0
Bifidobacterium	0.00231522909404944	0.0597297286209527	0.133615803898188	0.0541393847943373	0.0768572893664178	0	0.0987417480110591	0	3.16248636859324	1.08830485767685	0.461879911223082	6.13571539124859	0.0355681393989337	0.037903719583234	0.0725592273498975	0.0637255704416049	0.202940680038452	0	0	0	0	0.19958464816463	0	0	0	0	0	0
Adlercreutzia	0.000182282863232931	0.00412224591094871	0.0476021029760741	0.0263996505061496	0.117276082738517	0	0.0112847712012639	0.0212829353424424	0.049436568520538	0.0545806387588694	0.0499870033791214	0.0243217547040485	0.0327508610307013	0.0451286813391362	0.0830439182922047	0.187843808638625	0.351810088393482	0	0.00597752450785048	0.0069536193588763	0.0179946016195141	0.0674272460015643	0.10734966745688	0.0779253728638481	0.594078691079081	0	0	0
Collinsella	0.000106528946045219	0.00491143687471547	0.000235653975129079	0	0.0109645927765263	0	0	0	17.0308978553253	11.1294884305585	13.1745746106012	16.0368806244058	0	0.00530691826362007	0.0101911665598238	0.015015727649796	0.0455053076496811	0	0.00398501633856699	0.00231787311962543	0	0	0.00653731949256638	0	0	0	0	0
Chryseobacterium	0.0228066636933254	0.935057838059299	0.00141392385077448	0.00397558188671289	0.0483643681375543	0	0	0	0.0465285350781534	0.0611964737599444	0.117969327974727	0.0221106860945895	0.00176079898014523	0.0399509577148927	0.0493003552819126	0.0274522832562153	0.020941469912822	0	0	0	0	0	0	0	0	0	0.00200279246492252	0
Capnocytophaga	0.00512522595973111	17.933186631685	0	0.000446694594012684	0.0201718467107874	0	0	0	0	0.00165395875026877	0	0	0.000352159796029046	0.0185443997751218	0.0221552203898473	0.0154632552189664	0.00586845607967095	0	0	0	0.00199940017994602	0	0	0	0.000885363175974785	0.105660377358491	0.111870264826386	0
Spirosoma	0.00453576579161423	0.0288771399205428	0.150347236132353	0.107162033103643	0.0115804123708243	0	0.0112847712012639	0.00425658706848849	0.0770628862231916	0.0115777112518814	0.0359906424329674	0.0132664116567537	0.231016826195054	0.0092622618383781	0.0115648606698461	0.00774929317142414	0.00525188283302635	0	0	0.00231787311962543	0.00199940017994602	0.00269708984006257	1.60646024793644	1.30479694097606	0.345291638630166	0.0050314465408805	0.0160223397193802	0
Bacteroides	0.00813881147785476	0.761480310698716	54.3736199514082	49.4439098999136	58.7439623394776	0	51.9325170682164	45.7625675733197	9.72591784805525	10.0180281503779	16.9495931057925	5.89028677559865	53.8540368077419	69.628327892417	59.0933031825088	48.3531750962214	27.8083232323588	0	59.846975372599	45.569385531836	39.778066580026	10.3676133452005	25.8351425651754	22.8248853772132	33.3303821227467	0.0553459119496855	0.543901210831102	0
Prevotella	0.00306093171636597	0.516981041738333	0.544125028573044	0.016974394572482	0.139400528162932	0	0.85482141849574	0.0425658706848849	19.3864049436569	32.1645358164767	18.4671985283826	26.6588542242466	0.0288771032743818	0.117865263308116	0.139400599729018	0.100116628039934	0.0429289122976305	0	0.0398501633856699	0.0718540667083884	0.0939718084574628	0.0323650780807509	0.050234139258668	0.433120095685109	2.53656549916776	5.51949685534591	21.883082698162	0
Alloprevotella	0.000163344383936003	0.0132729068979228	0.0160244703087774	0.0113460426879222	0.00835111449828577	0	0.0394966992044236	0.0170263482739539	0.0116321337695383	0.0165395875026877	0.0119968808109891	0.0486435094080969	0.0214817475577718	0.00905356280553911	0.0103437992387152	0.015310153682145	0.00473440171530677	0	0.0318801307085359	0.0254966043158797	0.0419874037788663	0	0.00516104170465767	0.00543665392073359	0.0132804476396218	0.276729559748428	2.58474673258715	0
Porphyromonas	0.00120969536509127	4.3750127378552	0.172970017744744	0.00603037701917124	0.0190453474529251	0	0.0930993624104271	0	0.00436205016357688	0	0.00399896027032971	0	0.00528239694043569	0.018067373414347	0.0247617169063	0.0203625043972528	0.0100963869138054	0	0.00199250816928349	0.0139072387177526	0.0159952014395681	0.00539417968012515	0.0395679864023755	0.318950363349704	0.827814569536424	0.010062893081761	0.00171667925564787	0
Tannerella	0.000658112155568244	8.85495327470507	0.00259219372641987	0.00464562377773192	0.130373514109929	0	0.00282119280031597	0.00425658706848849	0	0	0	0	0.00246511857220332	0.14211410331417	0.151763846719219	0.0959946635870489	0.0332729348457141	0	0	0	0.00199940017994602	0.00269708984006257	0	0	0.000885363175974785	0.0251572327044025	0.00886950948751402	0
Parabacteroides	0.000603664027589577	0.0655654580440464	0.433132006287248	0.389383677600857	1.20158418839634	0	0	0	0	0	0	0.309549605324253	0.464146611166283	1.16134055140471	1.86105025372248	1.06565735852505	0.385413330335613	0	0	0	0	0	0	0	0	0	0	0
Alistipes	0.000878271977395031	0.0548215869068375	2.06362186020535	5.57912614029962	13.8909825086207	0	1.91841110421486	3.72025709785894	0.0610687022900763	0.0380410512561817	0.131965688920881	0.0530656466270148	5.08694825363957	9.00142779952609	13.9606653845522	31.0091499366925	44.9615230768502	0	3.52275444329322	4.93011612544329	5.370388883335	8.3663726838741	1.60852466461831	1.34647795436835	3.62379147926479	0	0.000286113209274646	0
Odoribacter	0.00037166765620221	0.0165087546073965	0.231412203576756	0.672364702907893	0.867404428553962	0	0.177735146419906	0.36606648789001	0.351872046528535	0.243131936289509	0.971747345690121	0.216684723726977	0.968791598875906	0.951021616548919	0.694478688955734	0.404093840878275	0.512757726240818	0	0.29090619271539	0.278144774355052	0.207937618714386	0.167219570083879	0.394647655682823	0.670520650223809	0.299252753479477	0	0	0
Butyricimonas	0.000366933036377978	0.0157755813738345	0.503356890875714	0.854080063752252	0.646595554022849	0	0.301867629633809	0.378836249095475	0.00290803344238459	0.00330791750053754	0.013996360946154	0.00663320582837685	0.776512350244047	0.559015266533013	0.458414639587281	0.620685407315451	0.597195230321487	0	0.286921176376823	0.285098393713928	0.229931020693792	0.318256601127384	0.00378476391674896	0.00543665392073359	0.912809434430003	0	0.0108723019524365	0
Barnesiella	0.000196486722705627	0.0219984921674609	0	4.46694594012684e-05	0.0933041785312072	0	0	0	0.049436568520538	0.086005855013976	0.105972447163737	0.0132664116567537	0	0.116086352504393	0.105539626965733	0.106440899214789	0.0401763531608242	0	0.00199250816928349	0	0.00399880035989203	0.00269708984006257	1.23555338409505	1.26492814555735	0	0	0	0
Treponema	0.00332607042652296	3.75780773887908	0.000471307950258159	0.000268016756407611	0.0150049701147257	0	0	0	0	0	0	0	0	0.00693675832960077	0.00916970170878154	0	0.0168676823903488	0	0	0	0	0	0	0	0.000885363175974785	0	0.000572226418549292	0
Akkermansia	0.000445054263477806	0.00863332077273032	4.37774389597291	8.1138052751058	2.67777885587929	0	4.02019974045026	0.344783552547567	0	0.00165395875026877	0	0	3.21310597896902	0.571676341191912	0.840618608506571	0	4.9668057883456	0	1.01020164182673	5.47481630855527	5.65430370888733	24.1065889904793	0.728395019250686	0.353382504847683	0.000885363175974785	0	0	0
Fusobacterium	0.0144216519846106	1.43709697405567	0	0.00120607540383425	0.00378503750641729	0	0	0	0.594692838967648	0.605348902598369	1.51160698218463	0	0	0.00205717618084149	0.0028882799236367	0	0.00661715216488226	0	0	0	0	0	0	0	0	1.31320754716981	2.91692416855501	0
Leptotrichia	0.00532644730226097	0.298207091584326	0	4.46694594012684e-05	0.00201267867404729	0	0	0	0	0	0	0	0.000352159796029046	0.00136151273804485	0.00138543508532167	0	0.00312690717941191	0	0	0	0	0	0.00206441668186307	0	0	0.407547169811321	0.79196136327222	0
Mycoplasma	0	0	0.00424177155232343	0.0168850556536795	0	0	0.287761665632229	2.57949176350402	0	0.00496187625080631	0	0.0132664116567537	0.00246511857220332	0	0	0	0	0	0.514067107675142	0.83211644994553	0.449865040487854	1.18132534994741	0.00275255557581742	0.00362443594715572	0.00619754223182349	0	0.00457781134839433	0
Halomicronema	0	0	0.000471307950258159	4.46694594012684e-05	0	0	0	0	0	0	0	0	0.00704319592058092	0	0	0	0	0	0	0	0	2.61348005502063	0	0	0	0	0	0
