Genus	Basepaws_WGS1	Basepaws_WGS2	Bristle1	Kean5	Kean6a	Kean6b	Nebula_lcWGS	Ombre5	Ombre6	PetQCheck1	PetQCheck2	PetQCheck3	PetQCheck4	Psomagen1a	Psomagen1b	Psomagen2	Psomagen3	Psomagen4	SequencingDotCom_WGS	thryve2	thryve3a	thryve3b	thryve4	uBiome_Fecal2013	uBiome_Fecal2014	uBiome_Fecal2019	uBiome_Oral2014	uBiome_Oral2019	Veritas_WGS
Komagataeibacter	92.9122485020875	0.0027639116339037	0	0	0	0	0	0	0	0	0	0	0	0	0	5.21012024176e-05	2.24771379410717e-05	0.000110216301696405	0	0	0	0	0	0	0	0	0	0	0
Burkholderia	2.90771971248432	0.0991260511413597	0	0.00245164738445999	0.00411191984119482	0.00381733684310811	0.000649127248414507	0	0	0.0109404060453558	0.14655063233884	0	0	0	0.00260057026236261	0.005079867235716	0.0037312048982179	0.0025570181993566	0.00226430125742656	0	0	0	0	0	0	0	0	0	1.56141568355309
Cupriavidus	0.419057534459073	0.0370551542782682	0	0	4.72634464505152e-05	3.26268106248556e-05	0	0	0	1.70982917337418	3.05404280725878	2.81880733944954	0.915768617406853	0	7.76289630556002e-05	5.21012024176e-05	4.49542758821434e-05	4.40865206785621e-05	2.31051148716996e-05	0	0	0	0	0	0	0	0	0	0
Lautropia	5.59340008621294e-05	0.066371355981606	0.0190174326465927	0	0	0	0.00714039973255957	0	0	0	0	0	0	0	9.70362038195002e-05	0	2.24771379410717e-05	0	0.0664734154858798	0	0	0	0	0.00353910713382881	0	0	1.43167028199566	0.257133293436254	0.208188757807078
Neisseria	0.000410182672988949	2.36692023135533	5.76782884310618	0	0.000189053785802061	9.78804318745669e-05	5.38386139834992	0	0	0	0.0018092670659116	0.00917431192660551	0.00241627603537428	0.00145134721305051	9.70362038195002e-05	0.0002084048096704	0.000314679931175004	0.000440865206785621	0.673144416672096	0	0	0	0	0	0	0	0.017353579175705	0.211995496363618	1.97779319916725
Klebsiella	2.12119443702801	0.00321363284891175	0.0903328050713154	0.000245164738445999	0.000850742036109273	0.00300166657748672	0.04608803463743	0	0	0.00156291514933654	0.0018092670659116	0	0	0.00108851040978789	0.000970362038195002	0.0011462264531872	0.00101147120734823	0.0121678797072831	0.00157114781127557	0	0	0	0.0219551018167847	0	0	0	0	0	1.28383067314365
Salmonella	0.00465184440503376	0.0219801243835189	0	0.0274584507059519	0.0432933169486719	0.00244701079686417	0	0	0	0.525139490177078	0.886540862296684	0.0344036697247706	0	0.0377350275393134	0.000815104112083802	0.0012504288580224	0.000337157069116075	0.0270470804362978	0.00198703987896617	0	0	0	2.93649486799495	0.00404469386723292	0	0	0	3.18043961171351	0
Escherichia	0.000335604005172776	0.00510620962873734	0	0.0112775779685159	0.0135646091312979	0.0152367205618076	0	0.0687784188605709	0	0.054702030226779	0.0325668071864088	0.036697247706422	0	0.0112479409011415	9.70362038195002e-05	0.0154740571180272	0.000179817103528573	4.03903067848715	0.000531417642049091	0	0.273461377601905	0	0.334815302705966	0.132969310885282	0.719542556975185	0.370043413590026	7.21908893709328	1.72385811516731	0
Citrobacter	0.00017712433606341	0.00139600960492085	0	0	0	0.577298787196195	0	0	0	0	0	0	0	0	0.191743538747332	1.03178616207694	0.977103663436327	0.133119249188918	0	0	0	0	0	0	0	0	0	0	0
Pseudomonas	0.0136758632107906	0.120637715925912	0.000792393026941363	0.000245164738445999	0.000519897910955667	0.000391521727498268	0.0331054896691398	0	0	0	0.0054278011977348	0	0.80703619581501	0.00290269442610103	0.000640438945208702	0.0005991638278024	0.00123624258675894	0.000573124768821307	0.0199628192491485	0.0226980404025119	0	0	0	0.000505586733404115	0.00273590325846078	0	0	0.0101433251848621	0.624566273421235
Xanthomonas	0.0140207895494404	0.183964084514234	0	0	0.00127611305416391	0.000130507242499423	0.000649127248414507	0	0	0	0	0	0	0	5.82217222917001e-05	0	2.24771379410717e-05	0.000242475863732092	0.00129388643281518	0	0	0	0	0	0	0	0	0	1.04094378903539
Pasteurella	0.000428827339942992	22.070733839151	0.00158478605388273	0	0.000519897910955667	0	0.0097369087262176	0	0	0.00156291514933654	0	0.0137614678899083	0	0	0	0	0	0	0.00166356827076237	0	0	0	0	0	0	0	0.563991323210412	2.41258989521945	0.624566273421235
Haemophilus	0.000270347670833625	0.0157964576771581	1.06656101426307	0.000980658953783995	0.000708951696757728	3.26268106248556e-05	3.55332255782101	0	0	0	0	0.00229357798165138	0	0.00471687844241417	0.000232886889166801	0.0007554674350552	8.99085517642867e-05	4.40865206785621e-05	0.988205763062592	0	0	0	0	0	0	0	3.08893709327549	1.16901822755536	4.33726578764747
Mannheimia	0.000130512668678302	0.0477641407106476	0	0	0	0	0.0149299267135337	0	0	0	0	0	0	0	0	0	0	6.61297810178431e-05	0.00103973016922648	0	0	0	0	0	0	0	0.867678958785249	0.0973759217746762	0
Aggregatibacter	1.86446669540431e-05	0.00572457629937342	0.0340729001584786	0	0	0	0.0382985076564559	0	0	0	0	0	0	0	0	2.60506012088e-05	0	0	0.0152493758153217	0	0	0	0	0	0	0	2.12581344902386	0.00304299755545863	0.555170020818876
Cardiobacterium	2.79670004310647e-05	0.200969167956726	0.42472266244057	0	0	0	0.00129825449682901	0	0	0	0	0	0	0	0	0	0	0	0.00926515106355154	0	0	0	0	0	0	0	2.48156182212581	0.00456449633318795	0.0693962526023595
Campylobacter	0.00059662934252938	0.0554094013657846	0.22662440570523	0.000490329476891998	0.000189053785802061	0.0148125720236845	0.180457375059233	0	0	0	0	0	0	0	0.0202611593575116	0.0188606352751712	0.014115642626993	0.0149453305100325	0.0265939872173262	0	0	0	0	0	0	0	0.199566160520607	0.946372239747634	0.416377515614157
Desulfomicrobium	6.5256334339151e-05	2.45990009255825	0	0.00612911846114997	0.004679081198601	0	0	0	0	0	0	0	0	0.00181418401631314	1.94072407639e-05	5.21012024176e-05	6.74314138232151e-05	4.40865206785621e-05	2.31051148716996e-05	0	0	0	0	0	0	0	0	0	0
Staphylococcus	1.33846335129685	0.0210713127615234	0.0166402535657686	0.0210841675063559	0.00751488798563191	0.0150735865086833	0.0324563624207253	0	0	0.0453245393307597	0.151978433536574	0.0756880733944954	0.11839752573334	0.00834524647504046	0.00956776969660272	0.0152135511059392	0.0143179368684627	0.0084866552306232	0.00420513090664933	0	0	0	0	0.000505586733404115	0	0.00120929220127459	0	0.0405733007394484	0.798056904927134
Bacillus	0.00304840304698605	0.00723301620804628	0.00396196513470681	0.359166341823388	0.448530106815389	0.00812407584558905	0.000649127248414507	0.00382102327003171	0.0139508928571429	0.381351296438116	0.0560872790432596	0.309633027522936	0.256125259749674	0.482210111536033	0.00314397300375181	0.0049756648308808	0.00348395638086611	0.00224841255460667	0.00339645188613984	0.0151320269350079	0.0289547340990252	0.0703709133558129	0.0768428563587464	0.0212346428029728	0.00547180651692156	0.00725575320764756	0.286334056399132	0.992017203079514	0
Gemella	7.45786678161725e-05	0.0683014095293489	1.13391442155309	0.000245164738445999	0.000189053785802061	0	0.51281052624746	0	0	0	0	0	0	0	0	2.60506012088e-05	0	6.61297810178431e-05	0.620418544534878	0	0	0	0	0	0	0	0	0	1.83900069396253
Streptococcus	0.00187378902888133	0.209570086193755	68.3217115689382	0.246390562138229	0.793931373475754	0.0299187853429926	66.5128235087924	1.92961675136602	0	0.0265695575387212	0.0235204718568508	0.153669724770642	0	0.0707531766362126	0.0132357382009798	0.017714408821984	0.0236684262519485	0.0790912180973404	65.0763185049327	0	0	0	0	0.289195611507154	0.317364777981451	0.0483716880509838	21.3882863340564	20.8201892744479	13.9833448993754
Lactobacillus	0.00143563935546132	0.00674581822512088	0.0269413629160063	0.0289294391366279	0.0163058890254277	0.00753679325434165	0.0214211991976787	0.053494325780444	0	0.0421987090320866	0.0669428814387292	0.0802752293577982	0.0265790363891171	0.0119736145076667	0.00250353405854311	0.0051059178369248	0.00418074765703933	0.00570920442787379	0.033687257482938	0.0453960808050238	0.0579094681980504	0	0.065865305450354	0.149653673087618	0.227079970452245	0.0858597462904962	0.0607375271149675	0.593891689573676	0
Clostridium	0.00312298171480222	0.00486261063727464	0	0.321410972102704	0.503970129501843	0.00557918461685031	0	0.0496733025104123	0.0279017857142857	0.381351296438116	4.51050279531762	0.589449541284404	6.92263084134732	0.376261764983346	0.00413374228271071	0.0038033877764848	0.00604635010614828	0.00626028593635582	0.000300366493332095	0.612847090867822	0.48257890165042	0.513121243219469	0.0274438772709808	0.117296122149755	0.114907936855353	0.00725575320764756	0.00867678958785249	0.00405733007394484	0
Blautia	0.000130512668678302	0.000224860607504029	0	3.47177786113379	1.85754797239815	0.301210715688667	0	8.59730235757136	4.21316964285714	2.60069080849601	2.70847279766966	4.80733944954128	3.26680519982603	2.82613586061261	0.183903013478717	0.203741752054025	0.242370978418576	0.482086103620076	2.31051148716996e-05	5.11966911301102	9.21082263616768	12.974637149978	22.5917997694714	7.3466808230952	14.4784000437745	10.6720036762483	0.0260303687635575	0	0
Lachnoclostridium	0.00012119033520128	0.00452531972601859	0.000792393026941363	2.17436606527756	1.33883164760374	0.613938695527908	0.00259650899365803	3.06828168583547	1.67410714285714	1.70826625822484	1.56501601201353	2.43348623853211	1.51742135021505	0.770665370129823	0.335260084196373	0.667051694552533	0.802298961668613	0.916007683398824	2.31051148716996e-05	1.35179440619404	1.29652864910079	1.77686556223428	4.32515505790658	4.87486728348248	3.52657930015595	3.68713192168624	0.00867678958785249	0	0
Roseburia	5.59340008621294e-05	0.000459090406987393	0	0.287578238197157	0.452358445977881	0.208583200324702	0	0	0	0.917431192660551	1.41122831141105	0.970183486238532	0.418015754119751	0.507245850961155	0.156635840205437	0.180009654352808	0.27685090802018	0.10362536685496	0	0	0	0	0	0.107689974215077	0	0	0	0	0
Anaerostipes	2.79670004310647e-05	0.000252968183442033	0	0.507981338060109	0.538992343321675	0.0928559030383391	0	0.40120744335333	0.306919642857143	0.214119375459106	0.22615838323895	0.348623853211009	0.483255207074856	0.554051798582034	0.0978319006908201	0.112773052632895	0.0634080061317632	0.0607732687553978	0	0.716249274923709	0.344239616510633	0.357718809558716	1.10324386629343	7.11866120632995	5.81379442422916	5.11530601139153	0	0	0
Lachnospira	2.79670004310647e-05	0.00289508032161438	0	5.62702107681256	5.32763021079497	0.22939910550336	0	5.01700355355164	10.8816964285714	0.665801853617367	0.502976244323425	0.73394495412844	0.292369400280288	3.21582258731668	0.0716903473818468	0.0476465496108952	0.0620369007173579	0.00912590978046235	0	1.72505107059091	5.65260753466525	6.09294824805747	0.867226521762995	7.09034834925932	4.12574211375886	3.85038636885831	0.00867678958785249	0	0
Anaerobutyricum	9.32233347702157e-06	2.81075759380037e-05	0	1.27853411099588	1.00609698459212	0.074356501414046	0	2.60593787016163	0.802176339285714	0	0	0	0	0.395492115556265	0.0356316940425205	0.043504504018696	0.0450441844339077	0.0806562895814293	0	0.900355602632973	2.70887623459769	1.87655768948834	7.19029584499698	9.03989079326558	9.58660501764658	8.83387953031091	0	0	0
Faecalibacterium	8.39010012931941e-05	0.000440352023028724	0	6.43483888999213	6.38533887891105	0.685685052091966	0.000649127248414507	4.47059722593711	1.86244419642857	7.8567744557148	6.09180221092435	12.0183486238532	9.75450635480597	12.3571330087153	1.74005320689128	1.90750317231196	1.49396545039127	0.332698928300769	2.31051148716996e-05	9.68701924289425	9.97651449345301	7.89620290280018	4.91794280695977	12.6871934880429	11.0940877130585	3.5601562405524	0	0	0
Ruminococcus	5.59340008621294e-05	0.000168645455628022	0	2.94761565033624	2.95207486529918	0.743891282246708	0	0.454701769133774	0.467354910714286	0.451682478158261	0.515641113784806	0.690366972477064	0.67172473783405	3.54600407828567	0.74562619014904	0.276266625819324	0.101416846390115	0.148042536438612	0	0.754079342261229	0.813949747450375	0.876704295557836	2.67852242164773	5.9209262348956	7.80279609313015	0.303532342519923	0	0.00304299755545863	0
Flavonifractor	9.32233347702157e-06	0.0107745707762347	0	1.13829988060477	1.10757160412137	0.262613198719463	0	0.997287073478277	0.871930803571429	0.154728599784318	0.428796294621049	0.185779816513761	0.0362441405306142	0.731841832180722	0.299026765690172	0.721992412501892	0.345001590257509	0.448514218123351	0	0.292552520743487	0.556574333236818	0.431021844304354	5.96629891871124	0.501542039536883	0.492462586522941	0.305950926922472	0	0	0
Ruthenibacterium	9.32233347702157e-06	0	0	2.27218679591752	1.9405898478117	0.407671998757571	0	0.187230140231554	0.174386160714286	3.22429395308129	4.27529807674911	1.94495412844037	1.52950273039192	1.28915916199212	0.124031675722085	0.171439006555113	0.2764238423993	0.688565323218122	0	0.0907921616100477	0.189814367982498	0.199384254508137	7.12443053954663	1.55619596541787	1.39257475855654	1.75710156845199	0	0	0
Dysosmobacter	1.86446669540431e-05	2.81075759380037e-05	0	0	0	0.609338315229804	0	0	0	0	0	0	0	0	0.503346196452512	0.892910407032829	0.985779838681581	0.557033188773632	0	0	0	0	0	0	0	0	0	0	0
Oscillibacter	9.32233347702157e-06	3.74767679173382e-05	0	2.20354066915264	1.97934587390112	0.650219708942748	0	0.469985862213901	0.299944196428571	0.37509963584077	0.564491324564419	0.477064220183486	0	2.5311495395601	0.773378544441417	1.58687237263405	1.16854144728043	0.384919412044526	0	0.176540314241759	0.273461377601905	0.246298196745345	0.334815302705966	0.650690125891097	0.459631747421411	1.09199085775096	0	0	0
Christensenella	2.79670004310647e-05	0.000721427782408761	0	0.760010689182596	0.412137253048492	0.0562159947066262	0	0	0	0.00781457574668271	0.0054278011977348	0.0206422018348624	0.00241627603537428	0.280110012118749	0.011838416865979	0.0225598206468208	0.0248821917007664	0.0335057557157072	0	0	0	0.00879636416947662	0	0.0136508418019111	0.0136795162923039	0.00725575320764756	0	0.00152149877772932	0
Megamonas	1.86446669540431e-05	6.55843438553419e-05	0	0	0	0	0	0	0.0139508928571429	21.0071425222325	11.3567693727271	11.5321100917431	11.5063064804523	0	0	0.02149174599726	0.000314679931175004	0	0	0	0	0.00293212138982554	0.00548877545419617	0	0	0	0	0	0
Veillonella	5.59340008621294e-05	0.000131168687710684	2.1188589540412	0	0.000992532375460819	6.52536212497113e-05	4.33227525591842	0	0	0	0	0	0	0.0116107777044041	0.000407552056041901	0.000260506012088	0.000179817103528573	0	16.1224950012084	0	0	0	0	0.0338743111380757	0	0	32.0347071583514	18.8457910272145	4.26786953504511
Dialister	1.86446669540431e-05	0.000543413134801404	0	0.262816599614111	0.034407789015975	0.000163134053124278	0	0.160482977341332	0.0906808035714286	0	0	0	0	0.652743409069469	0.0016884299464593	0.0011983276556048	0.000449542758821434	0.00158711474442824	6.93153446150988e-05	0.342992610526847	0.11903612907377	0.146606069491277	0.548877545419617	0	0	0	0	0	0
Finegoldia	7.45786678161725e-05	0.00084322727814011	0	0.0740397510106916	0.000425371018054637	3.26268106248556e-05	0	0.00382102327003171	0	0	0.0018092670659116	0	0	0	0	0	0	0.000308605644749935	2.31051148716996e-05	0	0	0	0	0.0424692856059457	0.17509780854149	3.63271377262888	0	0	0
Parvimonas	5.59340008621294e-05	0.0313961623227501	0.10459587955626	0	0.000567161357406182	0	0.0097369087262176	0	0	0	0	0.00229357798165138	0	0.000725673606525257	0	0	0	0	0.00381234395383044	0	0	0	0	0.00101117346680823	0	0.00120929220127459	0.156182212581345	0.00557882885167416	0.589868147120056
Peptoniphilus	1.86446669540431e-05	0.000571520710739408	0	0.103214354885765	0.000708951696757728	0	0	0.103167628290856	0	0.00156291514933654	0.0018092670659116	0.00917431192660551	0	0.000725673606525257	0	0	0	0	0	0	0	0.00293212138982554	0.0493989790877655	0.048030739673391	0.265382616070696	2.2323534035529	0	0	0
Erysipelothrix	3.72893339080863e-05	0.0046096424538326	0	0.0137292253529759	0.00368654882314018	0	0	0.412670513163425	0	0.00312583029867308	0.0036185341318232	0.00229357798165138	0.00241627603537428	0.0297526178675355	0	0	0	0.000352692165428497	0	0	0	0.105556370033719	0	0.104150867081248	0.0766052912369019	0.707435937745638	0	0	0
Turicibacter	2.79670004310647e-05	2.81075759380037e-05	0	0	0.000236317232252576	0.00336056149436013	0	0	0	0	0.0036185341318232	0.0229357798165138	0	0.00798240967177783	0.00362915402284931	0.0019016938882424	0.00186560244910895	0.000529038248142745	0	0	0	0	0.11526428453812	0.052581020274028	0.552652458209078	0	0	0	0
Corynebacterium	0.000727142011207682	0.175194520821577	0.146592709984152	0.0963497422092775	0.000425371018054637	0.000261014484998845	0.00649127248414507	0.0305681861602537	0	0	0.0018092670659116	0.00229357798165138	0	0	0.000213479648402901	0.000130253006044	0.000314679931175004	0.000727427591196275	0.748189829775377	0	0	0	0	0.0500530866070074	0.276326229104539	4.39940502823697	1.95227765726681	0	0.451075641915337
Cutibacterium	0.0107393281655288	0.020078178411714	0.0285261489698891	0.000735494215337996	0	0.000750416644371679	1.01523501652029	0	0	0	0.0054278011977348	0.00917431192660551	0	0	0.000582217222917001	0.0003647084169232	0.00123624258675894	0.000793557372214118	0.0171208901199294	0	0	0	0	0.0106173214014864	0.0109436130338431	0.00362787660382378	0.13882863340564	0.00152149877772932	0
Rothia	7.45786678161725e-05	0.00183636162794957	13.5182250396197	0.000980658953783995	0	0.000163134053124278	11.9699064607635	0	0	0	0.0018092670659116	0	0	0	5.82217222917001e-05	0.0001823542084616	0.00107890262117144	0.000484951727464183	8.34651480136764	0	0	0	0	0.00556145406744527	0	0.00725575320764756	5.28416485900217	5.00015214987777	4.68424705065926
Actinomyces	0.000363571005603841	0.160822180325278	0.758320126782884	0.00514845950736597	0.000945268929010303	0.00052202896999769	1.30799140555523	0	0	0	0.0072370682636464	0	0	0	0	0.00065126503022	0.00258487086322324	0.00198389343053529	3.85922423190511	0	0	0	0	0	0	0	8.32971800433839	3.13935914471482	1.11034004163775
Schaalia	6.5256334339151e-05	0.0315554385863988	2.03724247226624	0.000735494215337996	0.000330844125153606	0.00052202896999769	1.11584974002454	0	0	0	0	0	0	0.00108851040978789	0.0001358506853473	0.0002865566132968	0.00152844537999287	0.000617211289499869	0.641282463264023	0	0	0	0	0.00808938773446585	0	0	0	6.89898262448396	0.485773768216516
Bifidobacterium	0.000326281671695755	0.00501251770894399	0.00475435816164818	0.112530614946713	0.0428206824841667	0.0657430234090841	0.000649127248414507	0.122272744641015	0	3.24461185002266	1.12717338206293	0.518348623853211	5.95370415116223	0.0272127602446971	0.0351659202641869	0.0808610661521152	0.0405038025698112	0.226825148891202	0.0138399638081481	0	0	0	0.378725506339536	0	0	0	0	0	0.0346981263011797
Adlercreutzia	1.86446669540431e-05	3.74767679173382e-05	0	0.0482974534738618	0.0270819548161452	0.0682226610165731	0	0.0152840930801269	0.0348772321428571	0.0500132847787694	0.0578965461091712	0.0527522935779817	0.0265790363891171	0.0319296386871113	0.0224347703230685	0.0441036678464984	0.0851433985207796	0.165721231230715	0	0.00756601346750397	0.0096515780330084	0.0205248497287788	0.120753059992316	0.120835229283584	0.0492462586522941	0.678412924915047	0	0	0
Collinsella	3.72893339080863e-05	4.68459598966728e-05	0	0.000245164738445999	0	0.00313217381998614	0	0	0	17.7734710782552	11.7584266613595	14.506880733945	16.9960856328227	0	0.0010091765197228	0.0028395155317592	0.00276468796675182	0.0300008773217615	0.000161735804101897	0.00252200448916799	0	0	0	0.00202234693361646	0	0	0	0	0
Capnocytophaga	0.000922911014225135	56.5419305538626	0.293185419968304	0	0	0	0.153843157874238	0	0	0	0	0	0	0.000362836803262629	7.76289630556002e-05	7.81518036264e-05	4.49542758821434e-05	0	0.829057731826325	0	0	0	0	0	0	0	0.121475054229935	0.160264537920821	0.832755031228314
Porphyromonas	0.000680530343822574	5.0374959747609	0.0332805071315372	0.169899163743077	0.00326117780508555	0.000750416644371679	0.0350528714143834	0.0993466050208246	0	0.00468874544800963	0	0	0	0.00290269442610103	0.000485181019097501	0.0009638722447256	0.000561928448526792	0.000440865206785621	0.00889546922560435	0	0	0	0	0.0065726275342535	0.147738775956882	0.558692996988862	0	0.000507166259243105	0
Bacteroides	0.000624596342960445	0.471748185351474	0.00713153724247227	56.0039618621733	51.4017865582758	70.0442158537588	0.0272633444334093	66.5966145733828	70.7449776785714	8.04745010393386	8.43661232834579	14.756880733945	5.02827042961388	54.7720296365101	80.0975252662868	68.0408098298297	50.5154569658336	31.4697079312092	0.0117836085845668	73.261708405841	60.0617700994113	57.293651957191	19.0460508260607	34.6438141463168	32.1085606412957	39.6381797733786	0.03470715835141	0.000507166259243105	0.0346981263011797
Prevotella	0.000251703003879582	0.72581256425509	1.98969889064976	0.515091115475043	0.0129501843274412	0.0171943291992989	2.54652619553011	0	0	20.0584530265852	33.5492392031988	19.6100917431193	28.1182042236505	0.0228587186055456	0.0116249372175761	0.01107150551374	0.0109463661773019	0.00656889158110575	0.748790562762041	0.00504400897833598	0	0	0	0.00353910713382881	0.024623129326147	0.077394700881574	7.02819956616052	26.9066915516245	10.235947258848
Tannerella	0.000111868001724259	2.01629695991269	0.0301109350237718	0.00147098843067599	0.00293033367993194	0.0157261227211804	0.107755123236808	0	0	0	0	0	0	0.00217702081957577	0.0144001726468138	0.0194858497041824	0.0101821434873055	0.00321831600953503	0.00161735804101897	0	0	0	0	0	0	0	0	0.00253583129621553	0.104094378903539
Parabacteroides	2.79670004310647e-05	0.0521301841730175	0	0.440315870249014	0.394224406843747	1.14657137897868	0.00129825449682901	0	0	0	0	0	0.115981249697965	0.473864865060993	1.00698350151648	2.134950971466	1.00704321117383	0.356726082070585	0.000693153446150988	0	0	0	0	0	0	0	0	0	0
Butyricimonas	3.72893339080863e-05	0.00120862576533416	0	0.47610992206213	0.816901408450704	0.237425300917074	0	0	0	0.00156291514933654	0.0036185341318232	0.00688073394495413	0.00724882810612284	0.740549915459025	0.252197093726881	0.270014481529212	0.340551116945177	0.0983129411131935	0	0	0	0	0	0.00101117346680823	0.00273590325846078	0.0846504540892216	0	0	0
Odoribacter	1.86446669540431e-05	0.0033073247687051	0.00237717908082409	0.229474195185455	0.675867284242367	1.07068141746526	0.000649127248414507	0.00382102327003171	0	0.351655908600722	0.231586184436685	0.915137614678899	0.20296718697144	0.951720934957875	1.0318635841758	0.80084758236093	0.381189782342635	0.516804238654444	0.000161735804101897	0.00252200448916799	0	0.00293212138982554	0	0.260377167703119	0.248967196519931	0.200742505411583	0	0	0
Alistipes	9.32233347702157e-06	0.00832921166962843	0	2.10522960903579	5.74312316854145	19.3087749154639	0.000649127248414507	2.06335256581713	5.03627232142857	0.0625166059734617	0.0398038754500552	0.139908256880734	0.0507417967428599	5.15591097436195	11.1488776016377	19.2860415929109	38.7816716921801	55.6934434967312	0.00402028998767573	3.74013265743613	5.84885628800309	6.65298343351415	15.0502222954059	2.13357601496537	1.88777324833794	4.3074988209401	0	0	0
Spirosoma	0.000335604005172776	0.00010306111177268	0	0.108607979131577	0.0642310237262501	0	0	0.0114630698100951	0.00697544642857143	0.00625166059734617	0.0036185341318232	0.00458715596330275	0	0.171258971139961	1.94072407639e-05	7.81518036264e-05	6.74314138232151e-05	0	6.93153446150988e-05	0	0.00321719267766947	0.00293212138982554	0	2.25896152484959	1.86862192552871	0.397857134219341	0	0	0
Treponema	0.000223736003448518	1.11256343997004	0.00158478605388273	0.000245164738445999	4.72634464505152e-05	0.00185972820561677	0.00129825449682901	0	0	0	0	0	0	0	0.000291108611458501	0.0004168096193408	0.000696791276173222	0.00119033605832118	0.000231051148716996	0	0	0	0	0	0	0	0	0	0.0346981263011797
Akkermansia	1.86446669540431e-05	3.74767679173382e-05	0	4.34946762477046	8.197230362038	0.298959465755552	0	0.0191051163501586	0.0418526785714286	0	0	0	0	3.18498145903935	0.0557570027146848	0.089744321164316	0.192314392223809	0.436125905812676	0	0.0151320269350079	0.0836470096194061	0.0879636416947662	0.477523464515067	0.0192122958693564	0.0218872260676862	0	0	0	0
Fusobacterium	0.00100681201551833	0.567173405660997	1.31299524564184	0	0.000283580678703091	0	0.326511005952497	0	0	0	0.287673463479944	0.511467889908257	0	0	0	0	0	0.000330648905089216	0.522221806330155	0	0	0	0	0	0	0	2.12581344902386	4.36010833071297	14.677307425399
Leptotrichia	0.000279670004310647	0.061443161000476	0.110935023771791	0	0	0	0.0272633444334093	0	0	0	0	0	0	0	0	0	2.24771379410717e-05	0	0.0306373823198737	0	0	0	0	0	0	0	0.260303687635575	0.481300780021707	0.902151283830673
Anaerotignum	0	2.81075759380037e-05	0	1.88433617969595	1.92901030343133	0.0014682064781185	0	0.450880745863742	0.237165178571429	0.472000375099636	0.470409437137016	0.743119266055046	0.809452471850384	1.4582411123125	0.0018242806318066	0.0008336192386816	0.000966516931466083	0.000352692165428497	2.31051148716996e-05	0.239590426470959	0.347456809188302	0.340126081219763	0.0384214281793732	0.554123059810911	0.227079970452245	0.0423252270446108	0	0	0
Flintibacter	0	0.00084322727814011	0	0.842631206038898	0.933642121183477	0.189170248002913	0	0.695426235145772	1.47181919642857	0.59234484159855	0.611532268278121	0.795871559633027	0.212632291112937	0.568202433909276	0.148077247028557	0.197724063174792	0.209374539921083	0.016708791337175	0	0.317772565635167	0.875076408326095	0.935346723354347	0.719029584499698	0.425704029526265	0.730486170009028	1.8562635289565	0	0	0
Intestinimonas	0	0.000178014647607357	0	0	0	0.7571377673604	0	0	0	0	0	0	0	0	0.169211732220445	0.208743467486114	0.320029490004979	0.678645856065446	0	0	0	0	0	0	0	0	0	0	0
Faecalibaculum	0	0.000974395965850794	0	0.296894498258105	0.0535967482748842	6.52536212497113e-05	0	0	0	4.83253364174859	2.80255468509707	4.82110091743119	2.36553423863142	0.236206758923971	9.70362038195002e-05	0.000130253006044	2.24771379410717e-05	0.000242475863732092	0	0	0	0	0.905647949942368	0.429748723393498	0	0	0	0	0
Nonanavirus	0	3.74767679173382e-05	0.0190174326465927	0	0	0	0.0259650899365803	0	0	0	0	0	0	0	0	2.60506012088e-05	0	2.2043260339281e-05	0.101754925894965	0	0	0	0	0	0	0	0	0	31.1589174184594
Coriobacterium	0	0	0	0	0	0	0	0	0	0.381351296438116	0.513831846718894	0.181192660550459	0.120813801768714	0	0	0	0	2.2043260339281e-05	0	0	0	0	0	0	0	0	0	0	0
