Genus	Basepaws_WGS1	Basepaws_WGS2	Bristle1	Kean5	Kean6a	Kean6b	Nebula_lcWGS	Ombre5	Ombre6	PetQCheck1	PetQCheck2	PetQCheck3	PetQCheck4	Psomagen1a	Psomagen1b	Psomagen2	Psomagen3	Psomagen4	SequencingDotCom_WGS	thryve2	thryve3a	thryve3b	thryve4	uBiome_Fecal2013	uBiome_Fecal2014	uBiome_Fecal2019	uBiome_Oral2014	uBiome_Oral2019	Veritas_WGS
Komagataeibacter	9966630	295	0	0	0	0	0	0	0	0	0	0	0	0	0	2	1	5	0	0	0	0	0	0	0	0	0	0	0
Acetobacter	11	39	0	0	0	0	0	0	0	0	0	0	0	0	0	2	0	1	0	0	0	0	0	0	0	0	0	0	0
Gluconobacter	10	0	0	0	0	0	0	0	0	0	3	0	0	0	3	0	0	0	0	0	0	0	0	0	0	0	0	0	0
Neokomagataea	6	1	0	0	0	0	0	0	0	0	0	0	0	0	0	0	0	0	0	0	0	0	0	0	0	0	0	0	0
Roseomonas	4	8	0	0	0	0	3	0	0	0	0	0	0	0	0	2	0	0	0	0	0	0	0	0	0	0	0	0	0
Acidiphilium	3	0	0	0	0	0	0	0	0	0	0	0	0	0	0	0	0	0	0	0	0	0	0	0	0	0	0	0	0
Gluconacetobacter	2	128	0	0	0	0	0	0	0	0	0	0	0	0	0	0	0	0	0	0	0	0	0	0	0	0	0	0	0
Parasaccharibacter	1	6	0	0	0	0	0	0	0	0	0	0	0	0	1	0	0	0	0	0	0	0	0	0	0	0	0	0	0
Granulibacter	1	70	0	0	0	0	0	0	0	0	0	0	0	0	0	0	0	0	0	0	0	0	0	0	0	0	0	0	0
Swingsia	1	1	0	0	0	0	0	0	0	0	0	0	0	0	0	0	0	0	0	0	0	0	0	0	0	0	0	0	0
Azospirillum	21	455	0	0	0	3	1	0	0	0	0	0	0	0	0	6	0	5	0	0	0	0	0	0	0	0	0	0	0
Hypericibacter	7	69	0	4	4	0	0	0	0	0	0	1	0	3	2	0	3	6	1	0	0	0	0	0	0	0	0	0	0
Thalassospira	7	9	0	0	0	0	0	0	0	0	0	0	0	0	0	0	0	0	0	0	0	0	0	0	0	0	0	0	0
Nitrospirillum	6	59	0	0	0	0	0	0	0	0	0	0	0	0	0	0	0	0	0	0	0	0	0	0	0	0	0	0	0
Ferrovibrio	4	127	0	0	0	0	0	0	0	0	0	0	0	0	0	0	0	5	0	0	0	0	0	0	0	0	0	0	0
Skermanella	3	35	0	0	0	0	0	0	0	0	0	0	0	0	0	0	0	0	0	0	0	0	0	0	0	0	0	0	0
Magnetospirillum	3	300	0	0	0	0	0	0	0	0	0	0	0	0	0	0	0	4	2	0	0	0	0	0	0	0	0	0	0
CandidatusEndolissoclinum	3	0	0	0	5	0	0	0	0	0	0	0	0	1	0	0	0	1	0	0	0	0	0	1	0	0	0	0	0
Niveispirillum	2	34	0	33	89	0	0	0	0	0	1	3	1	32	0	0	0	0	1	0	1	3	0	25	2	3	0	0	0
Rhodospirillum	1	14	0	1	0	2	0	0	0	0	2	0	2	0	2	0	0	2	0	0	0	0	0	0	0	0	0	0	0
Indioceanicola	1	11	0	0	0	0	0	0	0	0	0	0	0	0	0	0	0	0	0	0	0	0	0	0	0	0	0	0	0
Bradyrhizobium	3262	694	0	0	0	0	0	0	0	0	0	0	0	0	0	0	15	13	2	0	0	0	0	0	0	0	0	0	0
Bosea	12	166	0	0	0	3	0	0	0	0	0	0	0	0	14	5	8	1	0	0	0	0	0	0	0	0	0	0	0
Rhodopseudomonas	10	636	0	0	0	0	0	0	0	0	0	0	0	0	0	0	0	0	0	0	0	0	0	0	0	0	0	0	0
Nitrobacter	7	0	0	0	0	0	0	0	0	0	0	0	0	0	0	0	0	0	0	0	0	0	0	0	0	0	0	0	0
Afipia	2	29	0	0	0	0	0	0	0	0	0	0	0	0	0	0	0	0	0	0	0	0	0	0	0	0	0	0	0
Oligotropha	2	14	0	0	0	0	0	0	0	0	0	0	0	0	0	0	0	0	0	0	0	0	0	0	0	0	0	0	0
Rhizobium	50	649	0	0	0	10	0	0	0	0	0	0	0	0	10	5	3	8	1	0	0	0	0	0	0	0	0	0	0
Agrobacterium	28	415	0	0	3	0	0	0	0	0	5	0	0	0	0	0	2	5	0	0	0	0	0	0	0	0	0	0	0
Neorhizobium	5	54	0	7	29	0	0	0	0	2	0	0	0	3	0	0	0	0	0	0	1	0	0	0	0	2	0	0	0
Shinella	5	0	0	0	0	0	0	0	0	0	0	0	0	0	0	0	0	0	0	0	0	0	0	0	0	0	0	0	0
Sinorhizobium	3	28	0	0	0	1	0	0	0	0	0	0	0	0	0	0	0	0	0	0	0	0	0	0	0	0	0	0	0
Liberibacter	3	106	0	0	0	0	0	0	0	0	0	0	0	0	0	0	0	0	0	0	0	0	0	0	0	0	0	0	0
Mesorhizobium	40	560	0	0	4	3	0	0	0	0	0	0	0	0	0	0	1	5	0	0	0	0	0	0	0	0	0	0	0
Aminobacter	7	3	0	0	0	1	0	0	0	0	0	0	0	0	0	0	0	0	0	0	0	0	0	0	0	0	0	0	0
Nitratireductor	3	10	0	0	0	0	0	0	0	0	0	0	0	0	0	0	0	0	0	0	0	0	0	0	0	0	0	0	0
Phyllobacterium	2	3	0	0	0	0	0	0	0	0	0	0	0	0	0	0	0	0	0	0	0	0	0	0	0	0	0	0	0
Salaquimonas	2	0	0	0	0	0	0	0	0	0	0	0	0	0	0	0	0	0	0	0	0	0	0	0	0	0	0	0	0
Hoeflea	1	0	0	0	0	0	0	0	0	0	0	0	0	0	0	0	1	1	0	0	0	0	0	0	0	0	0	0	0
Xanthobacter	21	0	0	0	0	0	0	0	0	0	0	0	0	0	0	0	0	0	0	0	0	0	0	0	0	0	0	0	0
Pseudolabrys	10	1	0	0	7	0	0	0	0	0	0	0	0	0	0	0	0	0	0	0	0	0	0	0	0	0	0	0	0
Azorhizobium	4	7	0	0	0	0	0	0	0	0	0	0	0	0	0	0	0	0	0	0	0	0	0	0	0	0	0	0	0
Ancylobacter	3	0	0	0	0	0	0	0	0	0	0	0	0	0	0	0	0	0	0	0	0	0	0	0	0	0	0	0	0
Labrys	3	1	0	0	0	3	0	0	0	0	0	0	0	1	0	0	0	0	0	0	0	0	0	0	0	0	0	0	0
Starkeya	1	2	0	0	0	0	0	0	0	0	0	0	0	0	0	0	0	0	0	0	0	0	0	0	0	0	0	0	0
Methylobacterium	25	291	0	0	2	0	2	0	0	0	0	0	0	0	0	2	1	0	0	0	0	0	0	0	0	0	0	0	0
Methylorubrum	10	18	0	0	0	0	0	0	0	0	0	0	0	0	0	0	0	0	0	0	0	0	0	0	0	0	0	0	0
Microvirga	3	8	0	0	0	3	0	0	0	0	0	0	0	0	0	1	4	0	0	0	0	0	0	0	0	0	0	0	0
Bartonella	32	0	0	0	0	0	0	0	0	0	0	0	0	0	0	0	0	0	0	0	0	0	0	0	0	0	0	0	0
Rhodoplanes	18	103	0	0	0	0	0	0	0	0	0	0	0	0	0	0	0	0	0	0	0	0	0	0	0	0	0	0	0
Youhaiella	2	120	0	0	0	0	0	0	0	0	0	0	0	0	0	0	0	0	0	0	0	0	0	0	0	0	0	0	0
Pelagibacterium	2	0	0	0	0	0	0	0	0	0	0	0	0	0	0	0	0	0	0	0	0	0	0	0	0	0	0	0	0
Hyphomicrobium	2	12	0	0	0	1	0	0	0	0	0	0	0	0	0	0	0	0	0	0	0	0	0	0	0	0	0	0	0
Rhodomicrobium	1	6	0	0	0	0	0	0	0	0	0	0	0	0	0	0	0	0	0	0	0	0	0	0	0	0	0	0	0
Filomicrobium	1	13	0	0	0	1	0	0	0	0	0	0	0	0	0	0	0	0	0	0	0	0	0	0	0	0	0	0	0
Maritalea	1	72	0	0	0	0	0	0	0	0	0	0	0	0	0	1	0	1	0	0	0	0	0	0	0	0	0	0	0
Methylocystis	11	119	0	0	0	4	0	0	0	0	0	0	0	0	0	0	0	0	0	0	0	0	0	0	0	0	0	0	0
Methylosinus	2	4	0	0	0	0	0	0	0	0	0	0	0	0	0	0	0	0	0	0	0	0	0	0	0	0	0	0	0
Martelella	4	3	0	0	0	0	0	0	0	0	0	0	0	0	0	0	0	0	0	0	0	0	0	0	0	0	0	0	0
Aureimonas	3	37	0	0	0	0	0	0	0	0	0	0	0	0	0	0	0	0	0	0	0	0	0	0	0	0	0	0	0
Ochrobactrum	7	506	0	0	0	4	0	0	0	0	0	0	0	0	0	1	2	3	1	0	0	0	0	0	0	0	0	0	0
Pseudorhodoplanes	4	8	0	0	0	0	0	0	0	0	0	0	0	0	0	0	0	0	0	0	0	0	0	0	0	0	0	0	0
Methyloceanibacter	1	346	0	0	0	2	0	0	0	0	0	0	0	0	0	0	4	5	0	0	0	0	0	0	0	0	0	0	0
Methylocella	3	31	0	0	0	0	0	0	0	0	0	0	0	0	0	0	0	0	0	0	0	0	0	0	0	0	0	0	0
Methylovirgula	1	8	0	0	0	0	0	0	0	0	0	0	0	0	0	0	2	0	0	0	0	0	0	0	0	0	0	0	0
Chelatococcus	3	152	0	0	0	16	0	0	0	0	0	0	0	0	0	8	9	39	0	0	0	0	0	0	0	0	0	0	0
Cohaesibacter	1	0	0	0	0	0	0	0	0	0	0	0	0	0	0	0	0	0	0	0	0	0	0	0	0	0	0	0	0
Caulobacter	150	315	0	0	0	0	0	0	0	0	0	0	0	0	0	0	0	2	0	0	0	0	1	0	0	0	0	0	0
Brevundimonas	57	1107	0	0	0	14	1	0	0	0	0	0	0	1	18	8	11	27	0	0	0	0	0	0	0	0	0	0	0
Phenylobacterium	26	32	0	0	7	0	0	0	0	0	0	0	0	0	0	0	0	0	0	0	0	0	0	0	0	0	0	0	0
Asticcacaulis	4	33	0	0	0	0	0	0	0	0	0	0	0	0	0	0	0	0	0	0	0	0	0	0	0	0	0	0	0
Sphingomonas	45	900	3	0	0	11	2	0	0	0	0	0	0	0	0	4	2	7	0	0	0	0	0	1	0	0	0	0	0
Sphingobium	42	609	0	0	0	0	0	0	0	0	0	0	0	0	0	2	4	0	0	0	0	0	0	0	0	0	0	0	0
Novosphingobium	25	87	0	0	0	1	0	0	0	0	0	0	0	0	2	1	3	5	0	0	0	0	0	0	0	0	0	0	0
Sphingopyxis	17	314	0	7	79	0	0	0	0	0	0	0	0	18	0	0	0	0	0	0	0	0	0	15	8	0	3	0	0
Tardibacter	10	109	0	0	0	2	0	0	0	0	0	0	0	0	0	0	0	7	0	0	0	0	0	0	0	0	0	0	0
Zymomonas	4	0	0	0	0	0	0	0	0	0	0	0	0	0	0	0	2	1	0	0	0	0	0	0	0	0	0	0	0
Sphingosinicella	3	19	0	0	0	0	0	0	0	0	0	0	0	0	0	0	0	0	0	0	0	0	0	0	0	0	0	0	0
Sphingorhabdus	3	30	0	0	0	0	0	0	0	0	0	0	0	0	0	0	0	0	0	0	0	0	0	0	0	0	0	0	0
Sphingosinithalassobacter	2	10	0	0	0	0	0	0	0	0	0	0	0	0	0	0	0	0	0	0	0	0	0	0	0	0	0	0	0
Rhizorhabdus	1	0	0	0	0	0	0	0	0	0	0	0	0	0	0	0	0	0	0	0	0	0	0	0	0	0	0	0	0
Citromicrobium	1	0	0	0	0	0	0	0	0	0	0	0	0	0	0	0	0	0	0	0	0	0	0	0	0	0	0	0	0
Blastomonas	1	0	0	0	0	0	0	0	0	0	0	0	0	0	0	0	0	0	0	0	0	0	0	0	0	0	0	0	0
Altererythrobacter	13	21	0	1	12	1	0	0	0	0	0	0	0	1	1	3	1	0	0	0	0	0	0	0	0	0	0	0	0
Porphyrobacter	13	14	0	0	0	0	0	0	0	0	0	0	0	0	0	0	0	0	0	0	0	0	0	0	0	0	0	0	0
Erythrobacter	8	554	0	0	2	1	0	0	0	1	0	0	0	0	0	0	0	0	0	0	0	0	0	0	0	0	0	0	0
Croceicoccus	1	3	0	0	0	0	0	0	0	0	0	0	0	0	0	0	0	0	0	0	0	0	0	0	0	0	0	0	0
Paracoccus	38	1223	1	0	0	2	0	0	0	0	0	0	0	0	3	2	2	1	1	0	0	0	0	0	0	0	0	0	0
Sulfitobacter	18	28	0	0	0	0	0	0	0	0	0	0	0	0	0	0	0	20	0	0	0	0	0	0	0	0	0	0	0
Labrenzia	10	211	0	0	0	0	0	0	0	0	0	0	0	0	0	0	0	0	0	0	0	0	0	0	0	0	0	0	0
Celeribacter	9	74	0	0	0	0	0	0	0	0	0	0	0	0	2	0	0	5	0	0	0	0	0	0	0	0	0	0	0
Phaeobacter	8	146	0	0	0	0	0	0	0	0	0	0	0	0	0	0	0	0	0	0	0	0	0	0	0	0	0	0	0
Yangia	7	10	0	0	0	0	0	0	0	0	0	0	0	0	0	0	0	0	0	0	0	0	0	0	0	0	0	0	0
Rhodobacter	6	564	0	0	0	0	0	0	0	0	0	0	0	0	0	0	3	1	0	0	0	0	0	0	0	0	0	0	0
Leisingera	5	92	0	0	0	0	0	0	0	0	0	0	0	0	0	0	0	0	0	0	0	0	0	0	0	0	0	0	0
Dinoroseobacter	5	1	0	0	0	0	0	0	0	0	0	0	0	0	0	0	0	0	0	0	0	0	0	0	0	0	0	0	0
Pannonibacter	4	90	0	0	0	0	0	0	0	0	0	0	0	0	0	0	0	0	0	0	0	0	0	0	0	0	0	0	0
Marivivens	3	16	0	0	0	0	0	0	0	0	0	0	0	0	0	0	0	0	0	0	0	0	0	0	0	0	0	0	0
Paraoceanicella	3	213	0	0	0	0	0	0	0	0	0	0	0	0	0	0	0	0	0	0	0	0	0	0	0	0	0	0	0
Roseovarius	3	58	0	0	0	0	0	0	0	0	0	0	0	0	0	0	0	0	0	0	0	0	0	0	0	0	0	0	0
Roseivivax	2	0	0	0	0	2	0	0	0	0	0	0	0	0	0	0	4	1	0	0	0	0	0	0	0	0	0	0	0
Ruegeria	2	42	0	0	0	0	0	0	0	0	0	0	0	0	0	0	0	0	0	0	0	0	0	0	0	0	0	0	0
Gemmobacter	2	0	0	0	0	0	0	0	0	0	0	0	0	0	0	0	0	0	0	0	0	0	0	0	0	0	0	0	0
Salipiger	1	129	0	0	0	0	0	0	0	0	0	0	0	0	0	0	0	0	0	0	0	0	0	0	0	0	0	0	0
Epibacterium	1	11	0	0	0	0	0	0	0	0	0	0	0	0	0	0	0	1	0	0	0	0	0	0	0	0	0	0	0
Pelagibaca	1	4	0	0	0	1	0	0	0	0	0	0	0	0	0	3	0	2	0	0	0	0	0	0	0	0	0	0	0
Defluviimonas	1	0	0	0	0	0	0	0	0	0	0	0	0	0	0	0	0	0	0	0	0	0	0	0	0	0	0	0	0
Ketogulonicigenium	1	69	0	0	0	0	0	0	0	0	0	0	0	0	0	0	0	0	0	0	0	0	0	0	0	0	0	0	0
Pseudorhodobacter	1	0	0	0	0	0	0	0	0	0	0	0	0	0	0	0	0	0	0	0	0	0	0	0	0	0	0	0	0
Silicimonas	1	0	0	0	0	0	0	0	0	0	0	0	0	0	0	0	0	0	0	0	0	0	0	0	0	0	0	0	0
Stappia	1	0	0	0	0	0	0	0	0	0	0	0	0	0	0	0	0	0	0	0	0	0	0	0	0	0	0	0	0
Octadecabacter	1	0	0	0	0	0	0	0	0	0	0	0	0	0	0	0	0	0	0	0	0	0	0	0	0	0	0	0	0
Hyphomonas	3	6	0	0	0	0	0	0	0	0	0	0	0	0	3	0	2	0	0	0	0	0	0	0	0	0	0	0	0
Maricaulis	2	8	0	0	2	0	0	0	0	0	0	0	0	0	0	0	0	0	0	0	0	0	0	0	0	0	0	0	0
Ehrlichia	10	174	0	0	0	0	0	0	0	0	0	0	0	0	0	0	0	0	0	0	0	0	0	1	0	0	0	0	0
Wolbachia	7	6	0	2	7	0	0	0	0	0	0	0	0	0	0	0	0	0	0	0	0	0	0	0	0	0	0	0	0
Rickettsia	8	1	0	1	1	0	0	0	0	0	1	0	0	0	0	0	0	2	0	0	0	0	0	1	0	0	5	57	0
Orientia	3	3	0	4	30	0	0	0	0	1	0	0	0	5	0	0	0	0	0	0	0	0	0	0	0	0	0	0	0
CandidatusSneabacter	2	1	0	0	3	0	0	0	0	0	0	0	0	0	0	0	0	0	0	0	0	0	0	0	0	0	0	0	0
CandidatusMidichloria	2	1	0	0	0	0	0	0	0	0	0	0	0	0	0	0	0	0	0	0	0	0	0	0	0	1	0	0	0
CandidatusDeianiraea	1	0	0	0	0	0	0	0	0	0	0	0	0	0	0	0	0	0	0	0	0	0	0	0	0	0	0	0	0
Phreatobacter	9	2	0	0	0	8	0	0	0	0	0	0	0	0	0	0	12	9	0	0	0	0	0	0	0	0	0	0	0
Polymorphum	3	0	0	0	0	0	0	0	0	0	0	0	0	0	0	0	0	0	0	0	0	0	0	0	0	0	0	0	0
CandidatusPuniceispirillum	1	0	0	0	0	0	0	0	0	0	0	0	0	0	0	0	0	0	0	0	0	0	0	0	0	0	0	0	0
CandidatusPelagibacter	3	8	0	0	1	0	0	0	0	0	0	0	0	0	0	0	0	0	0	0	0	0	0	0	0	0	0	0	0
Emcibacter	4	28	0	0	0	0	0	0	0	0	0	0	0	2	2	0	0	0	0	0	0	0	0	0	0	0	0	0	0
CandidatusNucleicultrix	2	0	0	0	3	0	0	0	0	0	0	0	0	0	0	0	0	0	0	0	0	0	0	0	0	0	0	0	0
CandidatusCytomitobacter	1	7	0	0	0	0	0	0	0	0	0	0	0	0	0	0	0	0	0	0	0	0	0	0	0	0	0	0	0
Parvularcula	1	9	0	0	2	0	0	0	0	0	0	0	0	0	0	0	0	0	0	0	0	0	0	0	0	0	0	0	0
Burkholderia	311909	10580	0	10	87	117	1	0	0	7	81	0	0	0	134	195	166	116	98	0	0	0	0	0	0	0	0	0	45
Cupriavidus	44952	3955	0	0	1	1	0	0	0	1094	1688	1229	379	0	4	2	2	2	1	0	0	0	0	0	0	0	0	0	0
Ralstonia	4516	3057	0	0	5	2	1	0	0	10	8	0	0	0	1	3	5	1	10	0	0	0	9	0	0	0	0	0	0
Paraburkholderia	152	2108	0	0	0	0	0	0	0	0	0	0	0	0	0	0	0	1	0	0	0	0	0	0	0	0	0	0	0
Pandoraea	42	682	0	0	0	2	0	0	0	0	0	0	0	0	2	2	1	4	6	0	0	0	0	0	0	0	0	0	6
Polynucleobacter	40	44	0	0	53	1	0	0	0	0	0	0	0	0	0	0	0	2	3	0	0	0	0	0	0	0	0	0	0
Caballeronia	7	26	0	0	0	0	0	0	0	0	0	0	0	0	0	0	0	0	0	0	0	0	0	0	0	0	0	0	0
Lautropia	6	7084	24	0	0	0	11	0	0	0	0	0	0	0	5	0	1	0	2877	0	0	0	0	7	0	0	165	507	6
Mycetohabitans	3	3	0	0	0	0	0	0	0	0	0	0	0	0	0	0	0	0	0	0	0	0	0	0	0	0	0	0	0
Mycoavidus	3	230	0	2	9	0	0	0	0	0	0	0	0	3	0	0	0	0	0	0	0	0	0	0	0	0	0	0	0
Ephemeroptericola	2	63	0	0	0	0	0	0	0	0	0	0	0	0	0	0	0	0	0	0	0	0	0	0	0	0	0	0	0
Undibacterium	42	36	0	0	0	0	0	0	0	0	0	0	0	0	0	0	0	0	1	0	0	0	0	0	0	0	0	0	0
Massilia	21	1972	0	0	0	0	0	0	0	0	0	0	0	0	1	0	0	0	0	0	0	0	0	0	0	0	0	0	0
Janthinobacterium	15	1256	0	0	0	0	0	0	0	4	0	0	0	0	1	0	3	0	9	0	0	0	0	0	0	0	0	0	0
Herbaspirillum	14	1880	0	0	0	0	0	0	0	0	0	0	0	0	0	1	0	0	0	0	0	0	0	0	0	0	0	0	0
Collimonas	4	391	0	0	41	0	0	0	0	0	0	0	0	0	1	0	0	0	0	0	0	0	0	0	0	0	0	0	0
Noviherbaspirillum	3	672	0	0	0	0	0	0	0	0	0	0	0	0	0	1	0	0	0	0	0	0	0	0	0	0	0	0	0
Herminiimonas	2	36	0	0	0	0	0	0	0	0	0	0	0	0	0	0	0	0	0	0	0	0	0	0	0	0	0	0	0
Variovorax	30	17657	0	0	0	1	0	0	0	0	0	0	0	0	3	2	2	2	11	0	0	0	0	0	0	0	0	0	0
Acidovorax	19	28127	0	0	0	7	2	0	0	0	0	0	0	0	1	1	1	7	1	0	0	0	0	0	0	0	0	0	0
Hydrogenophaga	9	12547	0	0	0	0	0	0	0	0	0	0	0	0	0	2	0	0	1	0	0	0	0	0	0	0	0	0	0
Comamonas	8	25446	0	0	0	0	0	0	0	0	3	0	1	0	7	1	5	1	1	0	0	0	0	0	0	0	0	0	0
Delftia	6	3795	0	0	0	0	2	0	0	0	0	0	0	0	0	7	15	4	0	0	0	0	0	0	0	0	0	0	0
Rhodoferax	5	10831	0	0	0	0	0	0	0	0	0	0	0	0	0	0	0	0	0	0	0	0	0	0	0	0	0	0	0
Ramlibacter	3	4066	0	0	0	0	0	0	0	0	0	0	0	0	0	0	0	0	0	0	0	0	0	0	0	0	0	0	0
Melaminivora	2	11174	0	0	0	0	0	0	0	0	0	0	0	0	0	0	0	0	0	0	0	0	0	0	0	0	0	0	0
Verminephrobacter	2	4523	0	0	0	0	0	0	0	0	0	0	0	0	0	0	0	0	0	0	0	0	0	0	0	0	0	0	0
Ottowia	2	27177	0	0	0	0	0	0	0	0	0	0	1	0	0	0	0	0	0	0	0	0	0	0	0	0	0	0	0
Limnohabitans	2	2019	0	0	1	0	0	0	0	0	0	0	0	0	0	0	0	0	0	0	0	0	0	0	0	0	0	0	0
Polaromonas	2	3632	0	0	0	0	0	0	0	0	0	0	0	0	0	0	3	0	0	0	0	0	0	0	0	0	0	0	0
CandidatusSymbiobacter	2	593	0	0	0	0	0	0	0	0	0	0	0	0	0	0	0	0	0	0	0	0	0	0	0	0	0	0	0
Simplicispira	1	7813	0	0	0	0	0	0	0	0	0	0	0	0	0	0	0	0	0	0	0	0	0	0	0	0	0	0	0
Curvibacter	1	1204	0	0	0	0	0	0	0	0	0	0	0	0	0	0	0	4	0	0	0	0	0	0	0	0	0	0	0
Alicycliphilus	1	3947	0	0	0	0	0	0	0	0	0	0	0	0	0	0	0	0	0	0	0	0	0	0	0	0	0	0	0
Achromobacter	27	3021	0	27	111	2	5	5	0	0	0	0	0	50	0	0	3	4	0	0	0	0	0	5	0	0	0	0	0
Bordetella	20	7243	0	0	0	2	0	0	0	0	0	0	7	10	0	1	3	0	5	0	0	0	0	0	0	0	0	0	0
Alcaligenes	5	713	0	0	0	0	0	0	0	0	0	0	0	0	0	0	0	0	0	0	0	0	0	0	0	0	0	0	0
Pigmentiphaga	3	940	0	0	0	3	0	0	0	0	0	0	0	0	0	0	0	0	0	0	0	0	0	0	0	0	0	0	0
Pelistega	3	2	0	0	0	0	0	0	0	0	0	0	0	0	0	0	0	0	0	0	0	0	0	0	0	0	0	0	0
Castellaniella	2	298	0	0	0	4	0	0	0	0	0	0	0	0	2	1	8	18	0	0	0	0	0	0	0	0	0	0	0
Basilea	1	9	0	0	4	0	0	0	0	0	0	0	0	0	0	0	0	0	0	0	0	0	0	0	0	0	0	1	0
Paenalcaligenes	1	82	0	0	1	0	0	0	0	0	0	0	0	0	0	0	0	0	0	0	0	0	0	0	0	0	0	0	0
Methylibium	11	375	0	0	0	0	0	0	0	0	0	0	0	0	0	0	0	0	0	0	0	0	0	0	0	0	0	0	0
Paucibacter	7	302	0	0	0	0	0	0	0	0	0	0	0	0	0	0	0	0	0	0	0	0	0	0	0	0	0	0	0
Mitsuaria	6	370	0	0	0	0	0	0	0	0	0	0	0	0	0	0	0	0	0	0	0	0	0	0	0	0	0	0	0
Rubrivivax	4	4669	0	0	0	0	0	0	0	0	0	0	0	0	0	0	0	0	0	0	0	0	0	0	0	0	0	0	0
Leptothrix	4	1116	0	0	0	9	0	0	0	0	0	0	0	0	0	2	2	8	0	0	0	0	0	0	0	0	0	0	0
Sphaerotilus	3	1980	0	0	0	0	0	0	0	0	0	0	0	0	0	0	0	1	0	0	0	0	0	0	0	0	0	0	0
Inhella	3	4639	0	0	0	0	0	0	0	0	0	0	0	0	0	0	0	0	0	0	0	0	0	0	0	0	0	0	0
Roseateles	1	2360	0	0	0	0	0	0	0	0	0	0	0	0	0	0	0	0	0	0	0	0	0	0	0	0	0	0	0
Aquabacterium	1	775	0	0	12	0	0	0	0	0	0	0	0	0	0	0	0	0	0	0	0	0	0	0	0	0	0	0	0
Thiomonas	1	2215	0	0	0	2	0	0	0	0	0	0	0	0	0	0	3	8	0	0	0	0	0	0	0	0	0	0	2
Neisseria	44	252628	7279	0	4	3	8294	0	0	0	1	4	1	4	5	8	14	20	29134	0	0	0	0	0	0	0	2	418	57
Snodgrassella	4	166	0	0	0	0	0	0	0	0	0	0	0	0	0	0	0	0	0	0	0	0	0	0	0	0	0	0	0
Chitinolyticbacter	2	34	0	0	0	0	0	0	0	0	0	0	0	0	0	0	0	0	0	0	0	0	0	0	0	0	0	0	0
Kingella	1	2368	0	0	0	0	0	0	0	0	0	0	0	0	0	2	0	0	1	0	0	0	0	0	0	0	0	0	0
Vitreoscilla	1	724	0	0	5	0	0	0	0	2	0	0	1	0	0	0	0	0	0	0	0	0	0	0	0	0	0	0	0
Chromobacterium	5	1901	0	0	0	3	0	0	0	0	0	0	0	0	0	2	5	0	0	0	0	0	0	0	0	0	0	0	0
Iodobacter	1	2	0	0	0	0	0	0	0	9	0	19	0	2	0	0	0	0	0	0	0	0	0	0	0	0	0	0	0
Aquitalea	5	1135	0	0	0	0	0	0	0	0	0	0	0	0	0	0	0	0	0	0	0	0	0	0	0	0	0	0	0
Aquaspirillum	4	460	0	0	0	0	0	0	0	0	0	0	0	0	0	0	0	0	0	0	0	0	0	0	0	0	0	0	0
Microvirgula	2	398	0	0	0	0	0	0	0	0	0	0	0	0	0	0	0	0	0	0	0	0	0	0	0	0	0	0	0
Nitrosomonas	21	28	0	4	47	0	0	0	0	0	1	1	0	4	0	0	0	1	1	0	0	0	0	0	0	0	0	0	0
Nitrosospira	1	41	0	0	0	0	0	0	0	0	0	0	0	0	0	0	0	1	0	0	0	0	0	0	0	0	0	0	0
CandidatusMethylopumilus	6	21	0	0	0	0	0	0	0	0	0	0	0	0	0	0	0	0	0	0	0	0	0	0	0	0	0	0	0
Methylophilus	2	18	0	0	0	0	0	0	0	0	0	0	0	0	0	0	0	0	0	0	0	0	0	0	0	0	0	0	0
Methylobacillus	1	123	0	0	0	0	0	0	0	0	0	0	0	0	0	0	0	0	0	0	0	0	0	0	0	0	0	0	0
Denitratisoma	3	780	0	1	13	0	0	0	0	14	6	0	5	1	0	1	0	1	0	0	0	0	0	0	0	0	0	0	0
Methyloversatilis	1	75	0	0	0	1	0	0	0	0	0	0	0	0	0	0	0	0	0	0	0	0	0	0	0	0	0	0	0
Sulfuritalea	1	64	0	0	0	0	0	0	0	0	0	0	0	0	0	0	0	0	0	0	0	0	0	0	0	0	0	0	0
Sulfuriferula	2	289	0	0	0	0	0	0	0	0	0	0	0	0	0	0	0	0	0	0	0	0	0	0	0	0	0	0	0
Sulfuricella	1	148	0	0	0	0	0	0	0	0	0	0	0	0	0	0	0	0	0	0	0	0	0	0	0	0	0	0	0
Thiobacillus	1	10	0	0	0	0	0	0	0	0	0	0	0	0	0	0	0	0	0	0	0	0	0	0	0	0	0	0	0
Azoarcus	10	1707	0	0	0	0	0	0	0	0	0	0	0	0	2	0	2	0	1	0	0	0	0	0	0	0	0	0	0
Thauera	4	1167	0	1	5	0	2	0	0	0	0	0	0	0	0	0	0	0	1	0	0	0	0	0	0	0	0	0	0
Azospira	2	392	0	0	0	0	0	0	0	0	0	0	0	0	1	0	0	3	0	0	0	0	0	0	0	0	0	0	0
Aromatoleum	2	23	0	0	0	0	0	0	0	0	0	0	0	0	0	0	0	0	0	0	0	0	0	0	0	0	0	0	0
CandidatusKinetoplastibacterium	6	1254	0	0	0	0	0	0	0	0	0	0	0	0	0	0	0	0	0	0	0	0	0	0	0	0	0	0	0
CandidatusAccumulibacter	2	109	0	0	1	0	0	0	0	0	0	0	0	0	0	0	0	0	0	0	0	0	0	0	0	0	0	0	0
Casimicrobium	1	325	0	0	0	0	0	0	0	0	0	0	0	0	0	0	0	0	0	0	0	0	0	0	0	0	0	0	0
Klebsiella	227539	343	114	1	18	92	71	0	0	1	1	0	0	3	50	44	45	552	68	0	0	0	4	0	0	0	0	0	37
Salmonella	499	2346	0	112	916	75	0	0	0	336	490	15	0	104	42	48	15	1227	86	0	0	0	535	8	0	0	0	6271	0
Escherichia	36	545	0	46	287	467	0	18	0	35	18	16	0	31	5	594	8	183232	23	0	85	0	61	263	263	306	832	3399	0
Enterobacter	23	133	0	0	8	2	0	0	0	0	0	0	0	0	9	8	5	182	5	0	0	0	0	10	0	0	0	33	0
Citrobacter	19	149	0	0	0	17694	0	0	0	0	0	0	0	0	9880	39607	43471	6039	0	0	0	0	0	0	0	0	0	0	0
Buttiauxella	18	0	0	0	1	0	0	0	0	0	0	0	0	0	0	1	0	5	0	0	0	0	0	0	0	0	0	0	0
Cedecea	11	25	0	0	0	13	0	0	0	0	0	0	0	0	7	8	2	9	1	0	0	0	0	0	0	0	0	0	0
CandidatusHamiltonella	6	0	0	0	0	0	0	0	0	0	0	0	0	0	0	0	1	27	0	0	0	0	0	0	0	0	0	0	0
CandidatusBlochmannia	4	1	0	0	0	0	2	0	0	0	0	0	0	0	0	0	0	0	1	0	0	0	0	0	0	0	0	0	0
Leclercia	6	49	0	0	0	0	0	0	0	0	0	0	0	0	0	0	0	40	0	0	0	0	0	0	0	0	0	0	0
Kosakonia	5	71	0	0	0	0	0	0	0	0	0	0	0	0	0	0	0	43	0	0	0	0	0	0	0	0	0	0	0
Kluyvera	3	0	0	0	0	0	0	0	0	0	0	0	0	0	0	5	0	8	0	0	0	0	0	0	0	0	0	0	0
Izhakiella	3	0	0	0	0	0	0	0	0	0	0	0	0	0	0	0	1	3	0	0	0	0	0	0	0	0	0	0	0
Raoultella	2	74	1	0	0	0	0	0	0	0	0	0	0	0	0	2	0	44	0	0	0	0	0	0	0	0	0	0	0
Lelliottia	2	45	2	0	0	0	0	0	0	0	0	0	0	0	0	0	0	15	0	0	0	0	0	0	0	0	0	0	0
Cronobacter	1	45	0	0	0	0	0	0	0	0	0	0	0	0	0	0	1	21	0	0	0	0	0	0	0	0	0	0	0
Pluralibacter	1	10	0	0	0	0	0	0	0	0	0	0	0	0	0	1	0	8	0	0	0	0	0	0	0	0	0	0	0
Gibbsiella	1	7	0	0	0	0	0	0	0	0	0	0	0	0	0	0	0	4	0	0	0	0	0	0	0	0	0	0	0
Pantoea	41	123	4	0	4	0	3	0	0	0	1	0	0	0	1	0	4	0	2	0	0	0	0	0	0	0	0	0	0
Buchnera	30	17	0	0	3	0	0	0	0	1	0	0	0	0	0	0	0	2	0	0	0	0	0	0	0	0	0	0	0
Erwinia	27	200	0	1	2	0	0	0	0	0	0	0	0	0	0	0	0	449	0	0	0	0	0	0	0	0	0	0	0
Mixta	9	35	0	0	0	0	1	0	0	0	0	0	0	0	0	0	0	0	0	0	0	0	0	0	0	0	0	0	0
Tatumella	6	0	0	0	0	0	0	0	0	0	0	0	0	0	0	0	0	0	0	0	0	0	0	0	0	0	0	0	0
Serratia	38	562	70	0	2	5	4	0	0	0	0	0	0	0	2	3	7	14	89	0	0	0	0	0	0	0	0	0	0
Yersinia	26	697	0	0	190	0	0	1	0	0	1	0	0	0	0	0	0	31	0	0	0	0	40	0	0	0	0	0	0
Rahnella	4	344	0	0	0	2	1	0	0	0	0	0	0	0	0	0	0	0	2	0	0	0	0	0	0	0	0	153	0
Chania	4	3	0	0	0	0	0	0	0	0	0	0	0	0	0	0	0	0	0	0	0	0	0	0	0	0	0	0	0
CandidatusFukatsuia	3	0	0	0	0	0	0	0	0	0	0	0	0	0	0	0	0	0	0	0	0	0	0	0	0	0	0	0	0
Nissabacter	1	35	0	0	0	0	0	0	0	0	0	0	0	0	0	0	0	0	0	0	0	0	0	0	0	0	0	0	0
Rouxiella	1	0	0	0	0	0	0	0	0	0	0	0	0	0	0	0	0	0	0	0	0	0	0	0	0	0	0	0	0
Providencia	22	43	0	0	0	2	586	0	0	0	0	0	0	0	0	1	0	24	1	0	0	0	0	0	0	0	0	0	0
Proteus	19	44	0	0	0	0	4	0	0	0	0	0	0	0	0	0	0	1	0	0	0	0	0	0	0	0	0	0	0
Xenorhabdus	14	145	0	0	1	0	1	0	0	0	0	0	0	0	0	0	0	0	1	0	0	0	0	0	0	0	0	0	0
Photorhabdus	8	0	0	0	0	0	0	0	0	1	0	0	0	0	0	1	0	0	0	0	0	0	0	0	0	0	0	0	0
Morganella	3	3	0	0	3	1	0	0	0	0	0	1	0	0	1	0	1	1	0	0	0	0	1	0	0	0	0	0	0
Arsenophonus	2	7	0	1	52	4	0	1	9	1	0	0	0	2	0	0	2	5	0	1	2	1	27	0	0	0	8	49	0
Dickeya	16	388	0	0	0	0	1	0	0	0	0	0	0	0	0	0	1	0	0	0	0	0	0	0	0	0	0	0	0
Pectobacterium	11	69	0	4	19	0	0	1	0	0	0	0	0	4	0	0	0	1	0	0	0	0	0	0	0	0	0	0	0
Sodalis	5	26	0	0	4	0	0	0	0	0	0	0	0	1	0	0	0	0	0	0	0	0	0	0	0	0	0	4	0
Lonsdalea	1	3	0	0	0	0	0	0	0	0	0	0	0	0	0	0	0	0	0	0	0	0	0	0	0	0	0	0	0
Brenneria	1	6	0	0	0	0	0	0	0	0	0	0	0	0	0	0	0	0	0	0	0	0	0	0	0	0	0	0	0
Edwardsiella	12	33	0	0	0	0	0	0	0	0	0	0	0	0	0	0	0	0	0	0	0	0	0	0	0	0	0	0	0
Obesumbacterium	6	1	0	0	0	0	0	0	0	0	0	0	0	0	0	0	0	0	3	0	0	0	0	0	0	0	0	0	0
Hafnia	3	4	0	0	0	0	0	0	0	0	0	0	0	0	0	0	0	0	1	0	0	0	0	0	0	0	0	0	0
Plesiomonas	1	11	0	0	0	0	0	0	0	0	0	0	0	0	0	0	0	0	1	0	0	0	0	0	0	0	0	0	0
Pseudomonas	1467	12876	1	1	11	12	51	0	0	0	3	0	334	8	33	23	55	26	864	9	0	0	0	1	1	0	0	20	18
Azotobacter	1	17	0	0	0	0	0	0	0	0	0	0	0	0	0	0	0	0	0	0	0	0	0	0	0	0	0	0	0
Permianibacter	1	23	0	0	0	0	0	0	0	0	0	0	0	0	0	0	0	0	0	0	0	0	0	0	0	0	0	0	0
Acinetobacter	281	327	0	0	20	1	14	0	0	0	0	0	0	3	2	5	17	3	4	3	9	6	0	0	0	3	0	0	0
Moraxella	119	361	0	0	0	0	5	0	1	0	0	0	0	0	1	0	1	0	12	0	0	0	0	1	0	0	0	0	0
Psychrobacter	12	34	0	0	0	0	0	0	0	0	0	0	0	2	0	0	0	0	1	0	0	0	0	0	0	0	0	0	0
Xanthomonas	1504	19635	0	0	27	4	1	0	0	0	0	0	0	0	3	0	1	11	56	0	0	0	0	0	0	0	0	0	30
Stenotrophomonas	38	11991	0	0	0	1	4	0	0	0	0	0	0	0	0	0	2	3	6	0	0	0	0	0	0	0	0	0	0
Lysobacter	11	8682	0	0	0	0	0	0	0	0	0	0	0	0	0	2	0	0	0	0	0	0	0	0	0	0	0	0	0
Pseudoxanthomonas	3	4407	0	0	0	0	0	0	0	0	0	0	0	0	0	0	0	0	0	0	0	0	0	0	0	0	0	0	0
Xylella	3	800	0	0	0	0	0	0	0	0	0	0	0	0	0	0	0	0	0	0	0	0	0	0	0	0	0	0	0
Luteimonas	1	8978	0	0	0	0	0	0	0	0	0	0	0	0	0	0	1	0	0	0	0	0	0	0	0	0	0	0	0
Pseudolysobacter	1	1575	0	0	0	0	0	0	0	0	0	0	0	0	0	0	0	0	0	0	0	0	0	0	0	0	0	0	0
Dyella	8	1751	0	0	0	0	0	0	0	0	0	0	0	0	0	1	0	0	0	0	0	0	0	0	0	0	0	0	0
Rhodanobacter	4	1596	0	0	2	0	0	0	0	0	0	0	0	0	0	0	0	0	0	0	0	0	0	0	0	0	0	0	0
Luteibacter	1	274	0	0	0	0	0	0	0	0	0	0	0	0	0	0	0	1	0	0	0	0	0	0	0	0	0	0	0
Marinobacter	24	1227	0	0	0	1	0	0	0	0	0	0	0	0	0	1	1	0	0	0	0	0	0	0	0	0	0	0	0
Alteromonas	21	14	0	0	5	0	0	0	0	0	0	0	0	0	0	0	0	0	0	0	0	0	0	0	0	0	0	0	0
Salinimonas	6	0	0	0	0	0	0	0	0	0	0	0	0	0	0	0	0	0	0	0	0	0	0	0	0	0	0	0	0
Glaciecola	6	0	0	0	0	0	0	0	0	0	0	0	0	0	0	0	0	0	0	0	0	0	0	0	0	0	0	0	0
Hydrocarboniclastica	5	39	0	0	0	0	0	0	0	0	0	0	0	0	0	0	0	0	0	0	0	0	0	0	0	0	0	0	0
Paraglaciecola	5	1	0	0	0	0	0	0	0	0	0	0	0	0	0	0	0	0	0	0	0	0	0	0	0	0	0	0	0
Catenovulum	5	3	0	0	1	0	0	0	0	0	1	0	0	0	0	0	0	0	0	0	0	0	0	0	0	0	0	0	0
Agarivorans	1	0	0	0	0	0	0	0	0	0	0	0	0	0	0	0	0	0	0	0	0	0	0	0	0	0	0	0	0
Pseudoalteromonas	67	78	0	0	0	0	0	0	0	0	0	0	0	0	0	0	0	0	0	0	0	0	0	0	0	0	0	29	0
Shewanella	63	750	0	0	0	0	0	0	0	0	0	0	0	0	2	0	0	0	0	0	0	0	0	0	0	0	0	0	0
Parashewanella	3	0	0	0	1	0	0	0	0	0	0	0	0	0	0	0	0	0	0	0	0	0	0	0	0	0	0	0	0
Colwellia	19	2	0	0	0	0	0	0	0	0	0	0	0	0	0	0	0	0	0	0	0	0	0	0	0	0	0	0	0
Thalassotalea	5	0	0	0	1	0	0	0	0	0	0	0	0	0	0	0	0	0	0	0	0	0	0	0	0	0	0	0	0
Litorilituus	1	0	0	0	0	0	0	0	0	0	0	0	0	0	0	0	0	0	0	0	0	0	0	0	0	0	0	0	0
Moritella	9	1	0	0	1	0	0	0	0	0	0	0	0	0	0	0	0	0	0	0	0	0	0	0	0	0	0	0	0
Idiomarina	4	22	0	2	3	0	0	0	0	0	0	0	1	5	1	0	0	0	0	0	0	0	0	0	0	0	0	0	0
Psychromonas	3	14	0	0	11	0	0	0	0	0	0	0	0	0	0	0	0	0	0	0	0	0	0	0	0	0	0	0	0
Aeromonas	200	584	0	0	0	61	0	0	0	0	0	0	0	0	8	0	0	3	0	0	0	0	0	0	0	0	0	0	0
Tolumonas	1	4	0	0	0	0	0	0	0	0	0	0	0	3	2	0	0	0	0	0	0	0	0	0	0	0	0	0	0
Oceanimonas	1	64	0	0	0	0	0	0	0	0	0	0	0	0	0	0	0	0	0	0	0	0	0	0	0	0	0	0	0
Oceanisphaera	1	39	0	0	1	0	0	0	0	0	2	0	0	0	0	0	0	0	0	0	0	0	0	0	0	0	0	10	0
Succinivibrio	2	89	0	0	5	0	0	0	0	0	0	0	0	2	1	0	0	0	0	0	0	0	0	0	0	0	0	0	0
Vibrio	90	637	0	585	3488	1	2	0	0	6	5	0	0	586	2	1	1	3	9	0	0	0	0	0	0	0	0	112	0
Aliivibrio	11	0	0	0	0	0	0	0	0	0	0	0	0	0	0	0	1	0	0	0	0	0	0	0	0	0	0	0	0
Photobacterium	10	1603	0	0	1	0	0	0	0	0	0	0	0	1	0	0	0	0	0	0	0	0	0	0	0	0	0	0	0
Salinivibrio	3	2	0	0	0	0	0	0	0	0	0	0	0	0	0	0	0	0	0	0	0	0	0	0	0	0	0	0	0
Paraphotobacterium	2	0	0	0	0	0	0	0	0	0	0	0	0	0	0	0	0	0	0	0	0	0	0	0	0	0	0	0	0
Grimontia	2	1	0	0	0	0	0	0	0	0	0	0	0	0	0	0	0	0	0	0	0	0	0	0	0	0	0	0	0
Enterovibrio	1	2	0	0	0	0	0	0	0	0	0	0	0	0	0	0	0	0	0	0	0	0	0	0	0	0	0	0	0
Pasteurella	46	2355671	2	0	11	0	15	0	0	1	0	6	0	0	0	0	0	0	72	0	0	0	0	0	0	0	65	4757	18
Haemophilus	29	1686	1346	4	15	1	5474	0	0	0	0	1	0	13	12	29	4	2	42770	0	0	0	0	0	0	0	356	2305	125
Mannheimia	14	5098	0	0	0	0	23	0	0	0	0	0	0	0	0	0	0	3	45	0	0	0	0	0	0	0	100	192	0
Actinobacillus	10	2329	0	0	0	1	0	0	0	0	0	0	0	0	5	3	3	0	14	0	0	0	0	0	0	0	0	147	0
Glaesserella	3	948	0	0	0	0	0	0	0	0	0	0	0	1	0	0	0	0	3	0	0	0	0	0	0	0	21	24	0
Rodentibacter	3	23	0	0	0	0	0	0	0	0	0	0	0	0	0	0	0	0	0	0	0	0	0	0	0	0	0	0	0
Basfia	3	158	0	0	0	0	0	0	0	0	0	0	0	0	0	0	0	0	1	0	0	0	0	0	0	0	0	0	0
Avibacterium	2	226	0	0	0	0	0	0	0	0	0	0	0	0	0	0	0	0	2	0	0	0	0	2	0	0	0	0	0
Histophilus	2	1314	1	0	0	0	4	0	0	0	0	0	0	0	0	0	0	0	6	0	0	0	0	0	0	0	18	99	0
Aggregatibacter	2	611	43	0	0	0	59	0	0	0	0	0	0	0	0	1	0	0	660	0	0	0	0	0	0	0	245	6	16
Halomonas	22	1177	0	0	12	3	0	0	0	0	0	0	0	0	4	0	6	3	0	0	0	0	0	0	0	0	0	0	0
Cobetia	4	430	0	0	0	0	0	0	0	0	0	0	0	0	0	0	0	0	0	0	0	0	0	0	0	0	0	0	0
CandidatusCarsonella	1	1	0	0	0	0	0	0	0	0	0	0	0	0	0	0	0	0	1	0	0	0	0	0	0	0	0	0	0
CandidatusEvansia	1	0	0	2	5	0	0	0	0	0	0	0	0	0	0	0	0	0	0	0	0	0	0	2	0	1	0	0	0
Zymobacter	1	23	0	0	0	0	0	0	0	0	0	0	0	0	0	0	0	0	0	0	0	0	0	0	0	0	0	0	0
Kushneria	2	170	0	2	18	4	0	0	0	0	1	4	1	0	1	0	0	4	0	0	0	0	0	0	0	0	0	0	0
Pistricoccus	1	28	0	0	0	0	0	0	0	0	0	0	0	0	0	0	0	0	0	0	0	0	0	0	0	0	0	0	0
Marinomonas	10	0	0	0	0	0	0	0	0	0	0	0	0	0	0	0	0	0	0	0	0	0	0	0	0	0	0	0	0
Oleispira	2	5	0	0	2	0	0	0	0	0	0	0	0	0	0	0	0	0	0	0	0	0	0	0	0	0	0	0	0
Marinobacterium	1	60	0	0	0	0	0	0	0	0	0	0	0	0	0	0	0	0	0	0	0	0	0	0	0	0	0	0	0
Nitrincola	1	13	0	0	0	0	0	0	0	0	0	0	0	0	0	0	0	0	0	0	0	0	0	0	0	0	0	0	0
Neptunomonas	1	1	0	0	0	0	0	0	0	0	0	0	0	0	0	0	0	0	0	0	0	0	0	0	0	0	0	0	0
Kangiella	5	8	0	0	0	0	0	0	0	0	0	0	0	0	0	0	0	0	1	0	0	0	0	0	0	0	0	0	0
Gynuella	3	0	0	0	0	0	0	0	0	0	0	0	0	0	0	0	0	0	0	0	0	0	0	0	0	0	0	0	0
Alcanivorax	1	169	0	0	5	1	0	0	0	0	0	0	0	1	11	5	5	0	0	0	0	0	0	1	0	0	0	0	0
Ketobacter	1	7	0	0	0	0	0	0	0	0	0	0	0	0	0	0	0	0	0	0	0	0	0	0	0	0	0	0	0
Endozoicomonas	1	1	0	0	0	0	0	0	0	0	0	0	0	0	0	0	0	0	0	0	0	0	0	0	0	0	0	0	0
Hahella	1	214	0	0	0	0	0	0	0	0	0	0	0	0	0	0	0	0	0	0	0	0	0	0	0	0	6	0	0
Nitrosococcus	9	28	0	0	0	0	0	0	0	0	0	0	0	0	0	0	1	1	0	0	0	0	0	0	0	0	0	0	0
Rheinheimera	4	3	0	0	3	0	0	0	0	0	0	0	0	0	0	0	0	0	0	0	0	0	0	0	0	0	0	0	0
Thiocystis	4	7	0	0	0	0	0	0	0	0	0	0	0	0	0	0	0	0	0	0	0	0	0	0	0	0	0	0	0
Thiodictyon	3	68	0	0	0	0	0	0	0	0	0	0	0	0	0	1	0	0	0	0	0	0	0	0	0	0	0	0	0
Marichromatium	2	121	0	0	0	0	0	0	0	0	0	0	0	0	0	0	0	0	0	0	0	0	0	0	0	0	0	0	0
Allochromatium	2	202	0	0	0	0	0	0	0	0	0	0	0	0	2	0	0	1	0	0	0	0	0	0	0	0	0	0	0
Thioflavicoccus	2	130	0	0	40	0	0	0	0	0	1	0	0	4	0	0	0	0	0	0	0	0	0	0	0	0	0	0	0
Thioalkalivibrio	4	763	0	0	0	4	0	0	0	0	0	0	0	0	0	2	0	2	0	0	0	0	0	0	0	0	0	0	0
Ectothiorhodospira	2	189	0	0	0	0	0	0	0	0	0	0	0	0	0	0	0	1	0	0	0	0	0	0	0	0	0	0	0
Halorhodospira	1	121	0	0	0	0	0	0	0	0	0	0	0	0	0	0	0	1	0	0	0	0	0	0	0	0	0	0	0
Granulosicoccus	3	2	0	0	6	0	0	1	0	0	0	0	0	3	0	0	0	0	0	0	0	0	0	0	0	0	0	0	0
Sulfuriflexus	2	10	0	0	8	1	0	0	0	0	0	0	0	0	0	0	0	0	0	0	0	0	0	0	0	0	0	0	0
Halothiobacillus	4	154	0	0	0	0	0	0	0	0	0	0	0	0	0	0	0	0	0	0	0	0	0	0	0	0	0	0	0
Woeseia	2	3	0	0	2	0	0	0	0	0	0	0	0	0	0	0	0	0	0	0	0	0	0	0	0	0	0	0	0
Wenzhouxiangella	1	168	0	0	0	0	0	0	0	0	0	0	0	0	0	0	0	0	0	0	0	0	0	0	0	0	0	0	0
Legionella	40	30	0	0	6	0	0	0	0	0	0	0	0	0	0	0	0	0	0	0	0	0	0	0	0	0	0	0	0
Fluoribacter	4	0	0	0	0	0	0	0	0	0	0	0	0	0	0	0	0	0	0	0	0	0	0	0	0	0	0	0	0
Tatlockia	2	0	0	0	0	0	0	0	0	0	0	0	0	0	0	0	0	0	0	0	0	0	0	0	0	0	0	0	0
Aquicella	1	0	0	3	5	1	0	0	1	0	0	0	0	0	0	0	0	0	0	0	0	0	1	0	0	0	8	28	0
Rickettsiella	1	6	0	0	0	0	0	0	0	0	1	0	0	0	0	0	0	0	0	0	0	0	0	0	0	0	0	0	0
Coxiella	1	7	0	0	0	0	0	0	0	0	1	0	0	0	0	0	0	0	0	0	0	0	0	0	0	0	0	0	0
Francisella	22	3	0	2	7	0	0	0	0	0	0	0	0	0	0	0	0	0	0	0	0	0	0	0	0	0	0	0	0
Allofrancisella	3	0	0	0	0	0	0	0	0	0	0	0	0	0	0	0	0	0	0	0	0	0	0	0	0	0	0	0	0
Piscirickettsia	7	144	0	0	0	0	0	0	0	0	0	0	0	0	0	0	0	0	0	0	0	0	0	0	0	0	0	0	0
Cycloclasticus	1	0	0	0	0	0	0	0	0	0	0	0	0	0	0	0	0	0	0	0	0	0	0	0	0	0	0	0	0
Methylophaga	1	6	0	0	0	0	0	0	0	0	0	0	0	0	0	0	0	0	0	0	0	0	0	0	0	0	0	0	0
Hydrogenovibrio	1	2	0	0	0	0	0	0	0	0	0	0	0	0	0	0	0	0	0	0	0	0	0	0	0	0	0	0	0
Agarilytica	9	17	0	0	0	0	0	0	0	0	0	0	0	0	0	0	0	0	0	0	0	0	0	0	0	0	0	0	0
Cellvibrio	6	28	0	0	1	0	0	0	0	0	0	0	0	0	0	0	0	0	0	0	0	0	0	0	0	0	0	0	0
Saccharophagus	1	9	0	0	0	0	0	0	0	0	0	0	0	0	0	0	0	0	0	0	0	0	0	0	0	0	0	0	0
Kineobactrum	4	83	0	0	0	0	0	0	0	0	0	0	0	0	0	0	0	0	0	0	0	0	0	0	0	0	0	0	0
Congregibacter	1	27	0	0	0	0	0	0	0	0	0	0	0	0	0	0	0	1	0	0	0	0	0	0	0	0	0	0	0
Microbulbifer	5	268	0	0	1	0	0	0	0	0	0	0	0	0	0	0	0	0	0	0	0	0	0	0	0	0	0	0	0
Zhongshania	2	0	0	0	2	0	0	0	0	0	0	0	0	0	0	0	0	0	0	0	0	0	0	0	0	0	0	0	0
Methylocaldum	5	47	0	0	1	0	0	0	0	0	0	0	0	0	0	0	2	0	0	0	0	0	0	0	0	0	0	9	0
Methylomonas	5	752	0	1	9	0	0	0	0	0	0	0	0	0	0	0	0	0	0	0	0	0	0	3	0	2	0	2	0
Methylomicrobium	3	10	0	0	1	1	0	0	0	0	0	0	0	0	2	1	0	0	3	0	0	0	0	1	0	0	0	0	0
Methylococcus	1	15	0	0	0	0	0	0	0	0	0	0	0	0	0	0	0	0	0	0	0	0	0	0	0	0	0	0	0
CandidatusMethylospira	1	17	0	0	0	1	0	0	0	0	0	0	0	0	0	0	0	0	0	0	0	0	0	0	0	0	0	0	0
CandidatusRuthia	3	0	0	0	0	0	0	0	0	0	0	0	0	0	0	0	0	0	0	0	0	0	0	0	0	0	0	0	0
Gallaecimonas	2	1	0	0	0	0	0	0	0	0	0	0	0	0	0	0	0	0	0	0	0	0	0	0	0	0	0	0	0
CandidatusThioglobus	2	287	0	0	0	0	0	0	0	0	0	0	0	0	0	0	0	0	0	0	0	0	0	0	0	0	0	0	0
Sulfuricaulis	2	156	0	0	0	0	0	0	0	0	0	0	0	0	0	0	1	0	0	0	0	0	0	0	0	0	0	0	0
Sulfurifustis	2	184	0	0	0	0	0	0	0	0	0	0	0	0	1	0	0	0	0	0	0	0	0	0	0	0	0	0	0
Acidiferrobacter	1	0	0	0	0	0	0	0	0	0	0	0	0	0	0	0	0	0	0	0	0	0	0	0	0	0	0	0	0
Gilliamella	4	6	0	0	0	1	0	0	0	0	0	0	0	0	0	0	0	0	0	0	0	0	0	0	0	0	0	0	0
Frischella	1	4	0	0	0	0	0	0	0	0	0	0	0	0	0	0	0	0	0	0	0	0	0	0	0	0	0	0	0
Solimonas	2	43	0	0	0	0	0	0	0	0	0	0	0	0	0	0	0	0	0	0	0	0	0	1	0	0	0	0	0
Steroidobacter	1	200	0	0	3	0	0	0	0	0	0	0	0	0	0	0	0	3	0	0	0	0	0	0	0	0	0	0	0
Cardiobacterium	3	21450	536	0	0	0	2	0	0	0	0	0	0	0	0	0	0	0	401	0	0	0	0	0	0	0	286	9	2
Salinisphaera	1	119	0	0	0	0	0	0	0	0	0	0	0	0	0	0	0	0	0	0	0	0	0	0	0	0	0	0	0
Campylobacter	64	5914	286	2	4	454	278	0	0	0	0	0	0	0	1044	724	628	678	1151	0	0	0	0	0	0	0	23	1866	12
Arcobacter	60	60	0	0	15	0	0	0	0	0	0	0	0	0	4	0	1	4	0	0	0	0	0	0	0	0	0	0	0
Aliiarcobacter	1	0	0	0	0	0	0	0	0	0	0	0	0	0	0	0	0	0	0	0	0	0	0	0	0	0	0	0	0
Sulfurospirillum	17	18	0	0	0	0	0	0	0	0	0	0	0	0	0	0	0	0	0	0	0	0	0	0	0	0	0	0	0
Helicobacter	37	69	0	4	17	4	0	0	0	0	0	0	0	0	2	4	0	3	0	0	0	0	0	0	0	0	0	0	0
Sulfurimonas	26	1	0	0	1	0	0	0	0	0	0	0	0	0	0	0	0	0	0	0	0	0	0	0	0	0	0	0	0
Nitratifractor	2	1	0	0	0	1	0	0	0	0	0	0	0	0	0	0	0	0	0	0	0	0	0	0	0	0	0	0	0
Caminibacter	2	0	0	0	0	0	0	0	0	0	0	0	0	0	0	0	0	0	0	0	0	0	0	0	0	0	0	0	0
Nitratiruptor	1	3	0	0	0	0	0	0	0	0	0	0	0	0	5	0	1	0	0	0	0	0	0	0	0	0	0	0	0
Sorangium	12	8	0	0	0	0	0	0	0	0	0	0	0	0	0	0	0	1	0	0	0	0	0	0	0	0	0	0	0
Chondromyces	9	8	0	0	0	0	0	0	0	0	0	0	0	0	0	0	0	0	0	0	0	0	0	0	0	0	0	0	0
Sandaracinus	3	1	0	0	25	0	0	0	0	0	0	0	0	0	0	0	0	0	0	0	0	0	0	0	0	0	0	0	0
Minicystis	3	44	0	0	0	0	0	0	0	0	0	0	0	0	0	0	0	0	0	0	0	0	0	0	0	0	0	0	0
Labilithrix	3	3	0	0	0	0	0	0	0	0	0	0	0	0	0	0	0	0	0	0	1	0	0	0	0	0	0	0	0
Myxococcus	8	77	0	0	0	0	0	0	0	0	0	0	0	0	2	0	0	3	0	0	0	0	0	0	0	0	0	0	0
Corallococcus	2	221	0	0	0	2	0	0	0	0	0	0	0	0	5	1	8	2	0	0	0	0	0	0	0	0	0	0	0
Stigmatella	4	2	0	0	0	0	0	0	0	0	0	0	0	0	0	0	0	0	0	0	0	0	0	0	0	0	0	0	0
Cystobacter	2	27	0	0	0	0	0	0	0	0	0	0	0	0	0	1	0	3	0	0	0	0	0	0	0	0	0	0	0
Archangium	2	0	0	0	0	0	0	0	0	0	0	0	0	0	0	0	0	0	0	0	0	0	0	0	0	0	0	0	0
Melittangium	1	1	0	0	0	1	0	0	0	0	0	0	0	0	1	1	2	0	0	0	0	0	0	0	0	0	0	0	0
Anaeromyxobacter	4	143	0	0	0	0	0	0	0	0	0	0	0	0	0	0	1	0	0	0	0	0	0	0	0	0	0	0	0
Vulgatibacter	2	0	0	0	0	0	0	0	0	0	0	0	0	0	0	0	1	0	0	0	0	0	0	0	0	0	0	0	0
Desulfovibrio	20	401	0	52	3518	366	0	0	0	0	0	0	0	341	151	291	301	268	0	0	0	0	0	0	0	0	0	0	0
Pseudodesulfovibrio	4	218	0	0	0	4	0	0	0	0	0	0	0	0	0	4	4	13	0	0	0	0	0	0	0	0	0	0	0
Desulfocurvibacter	2	3	0	0	0	0	0	0	0	0	0	0	0	0	0	0	0	0	0	0	0	0	0	0	0	0	0	0	0
Desulfomicrobium	7	262552	0	25	99	0	0	0	0	0	0	0	0	5	1	2	3	2	1	0	0	0	0	0	0	0	0	0	0
Desulfohalobium	2	13	0	25	17	0	0	0	0	0	0	1	0	5	0	0	0	0	0	0	0	0	0	0	0	0	0	0	0
Geobacter	16	206	0	147	295	3	0	3	2	0	0	0	0	0	2	5	8	5	0	4	10	10	4	0	0	0	0	1	0
Geoalkalibacter	1	2	0	0	65	0	0	0	0	0	0	1	1	0	0	0	0	0	0	0	0	0	0	0	0	0	0	0	0
Desulfuromonas	2	0	0	0	0	0	0	0	0	0	0	0	0	0	0	0	1	0	0	0	0	0	0	0	0	0	0	0	0
Desulfobacter	5	26	0	0	0	0	0	0	0	0	0	0	0	0	0	0	0	0	0	0	0	0	0	0	0	0	0	0	0
Desulfobacula	4	30	0	0	0	0	0	0	0	0	0	0	0	0	0	0	0	0	0	0	0	0	0	0	0	0	0	0	0
Desulfosarcina	3	8	0	0	0	0	0	0	0	0	0	0	0	0	1	0	1	0	0	0	0	0	0	0	0	0	0	0	0
Desulfobacterium	2	4	0	17	24	0	0	1	0	0	0	0	0	0	0	0	0	0	0	0	1	0	0	0	0	0	0	0	0
Desulfobulbus	3	4321	0	0	0	0	0	0	0	0	0	0	0	0	0	0	0	0	0	0	0	0	0	0	0	0	0	0	0
Desulfocapsa	1	411	0	0	0	0	0	0	0	0	0	0	0	0	0	0	0	0	0	0	0	0	0	0	0	0	0	0	0
Syntrophobacter	2	58	0	0	0	0	0	0	0	0	0	0	0	0	0	0	0	0	0	0	0	0	0	0	0	0	0	0	0
Desulfoglaeba	1	0	0	0	0	0	0	0	0	0	0	0	0	0	0	0	0	0	0	0	0	0	0	0	0	0	0	0	0
Desulfobacca	1	0	0	9	59	0	0	0	0	0	0	0	0	16	0	0	0	0	0	0	0	0	0	0	0	0	0	0	0
Bradymonas	1	88	0	39	93	0	0	0	0	0	0	0	0	22	0	0	0	0	0	0	0	0	0	2	0	1	0	0	0
Desulfurella	2	61	0	5	11	0	0	0	0	0	0	0	0	0	0	0	0	0	0	0	0	0	0	0	0	0	0	1	0
Halobacteriovorax	9	0	0	0	3	0	0	0	0	0	0	0	0	0	0	0	0	0	0	0	0	0	0	0	0	0	0	1	0
Bacteriovorax	1	0	0	0	0	0	0	0	0	0	0	0	0	0	0	0	0	0	0	0	0	0	0	0	0	0	0	0	0
Bdellovibrio	6	7	0	0	1	0	0	0	0	0	0	0	0	0	0	0	0	0	0	0	0	0	0	5	3	0	0	0	0
Silvanigrella	1	0	0	0	3	0	0	0	0	0	0	0	0	0	0	0	0	0	0	0	0	0	0	0	0	0	0	0	0
Hydrogenophilus	2	76	0	0	0	0	0	0	0	0	0	0	0	0	0	0	0	0	0	0	0	0	0	0	0	0	0	0	0
Acidithiobacillus	1	93	0	0	1	0	0	0	0	0	0	0	0	0	0	0	0	1	0	0	0	0	0	0	0	0	0	0	0
Mariprofundus	1	9	0	0	0	0	0	0	0	0	0	0	0	0	0	0	0	0	0	0	0	0	0	0	0	0	0	0	0
Staphylococcus	143576	2249	21	86	159	462	50	0	0	29	84	33	49	23	493	584	637	385	182	0	0	0	0	1	0	1	0	80	23
Macrococcus	3	5	0	0	0	0	0	0	0	0	0	0	0	0	0	0	0	0	0	0	0	0	0	0	0	0	0	0	0
Auricoccus	3	0	0	0	0	0	0	0	0	0	0	0	0	0	0	0	0	0	1	0	0	0	0	0	0	0	0	0	0
Bacillus	327	772	5	1465	9490	249	1	1	2	244	31	135	106	1329	162	191	155	102	147	6	9	24	14	42	2	6	33	1956	0
Geobacillus	50	5	0	0	4	0	0	0	0	0	0	16	41	0	0	0	2	0	0	0	0	0	0	0	0	0	0	0	0
Virgibacillus	40	0	0	0	0	0	0	0	0	0	0	0	0	0	0	0	0	0	0	0	0	0	0	0	0	0	0	0	0
Lysinibacillus	27	0	0	0	2	0	0	0	0	0	0	0	0	0	0	0	0	0	4	0	0	0	0	0	0	0	5	35	0
Anoxybacillus	11	0	0	62	696	3	0	9	14	0	0	0	0	44	1	0	4	1	1	11	22	28	22	18	2	1	3	1	0
Psychrobacillus	9	0	0	0	0	0	0	0	0	0	0	0	0	0	1	0	1	1	0	0	0	0	0	0	0	0	0	0	0
Oceanobacillus	9	5	0	0	0	0	0	0	0	0	0	0	0	0	0	0	0	0	0	0	0	0	0	0	0	0	0	0	0
Halobacillus	8	0	0	0	0	0	0	0	0	0	0	0	0	0	0	0	0	0	0	0	0	0	0	0	0	0	0	0	0
Parageobacillus	7	1	0	0	0	1	0	0	0	0	0	0	0	0	0	0	1	0	1	0	0	0	0	0	0	0	0	0	0
Pradoshia	4	0	0	0	0	0	0	0	0	0	0	0	0	0	0	0	0	0	0	0	0	0	0	0	0	0	0	0	0
Paraliobacillus	3	0	0	0	0	0	0	0	0	0	0	0	0	0	0	0	0	0	0	0	0	0	0	0	0	0	0	0	0
Salicibibacter	3	0	0	0	0	0	0	0	0	0	0	0	0	0	0	0	0	0	0	0	0	0	0	0	0	0	0	0	0
Aeribacillus	2	0	0	0	0	0	0	0	0	0	0	0	0	0	0	0	0	0	0	0	0	0	0	0	0	0	0	0	0
Salimicrobium	2	0	0	0	1	0	0	0	0	0	0	0	0	0	0	0	0	0	0	0	0	0	0	0	0	0	0	0	0
Terribacillus	2	0	0	0	0	0	0	0	0	2	0	5	0	0	0	2	0	0	0	0	0	0	0	0	0	0	0	0	0
Fictibacillus	1	0	0	0	0	0	0	0	0	0	0	0	0	0	2	1	1	0	1	0	0	0	0	0	0	0	0	0	0
Pontibacillus	1	0	0	0	0	0	1	0	0	0	0	0	0	0	2	0	1	1	1	0	0	0	0	0	0	0	0	0	0
Gracilibacillus	1	0	0	0	0	0	0	0	0	0	0	0	0	0	0	0	0	0	0	0	0	0	0	0	0	0	0	0	0
Paenibacillus	139	148	2	51	901	32	3	0	3	0	11	9	2	39	49	24	44	38	27	0	1	4	4	8	4	3	0	7	0
Cohnella	37	8	0	1	2	0	0	0	0	0	0	0	0	0	0	0	0	1	2	0	0	0	0	0	0	0	0	0	0
Brevibacillus	15	30	0	1	0	1	0	0	0	0	0	0	0	0	1	0	1	0	1	0	0	0	0	0	0	0	0	0	1
Saccharibacillus	4	0	0	0	0	0	0	0	0	0	0	0	0	0	0	0	0	0	0	0	0	0	0	0	0	0	0	0	0
Aneurinibacillus	2	1	1	0	2	1	0	0	0	0	0	0	0	0	0	0	0	0	9	0	0	0	0	0	0	0	0	0	0
Listeria	67	32	2	0	1	3	3	0	0	0	0	0	0	0	3	44	7	10	32	0	0	0	0	0	0	0	0	4	0
Planococcus	7	3	0	0	0	0	0	0	0	0	1	0	0	0	0	0	0	1	0	0	0	0	0	0	0	0	0	0	0
Solibacillus	6	4	0	0	0	0	0	0	0	0	0	0	0	0	0	0	0	0	3	0	0	0	0	0	0	0	0	0	0
Paenisporosarcina	4	12	0	0	0	0	0	0	0	0	0	0	0	0	0	0	0	0	1	0	0	0	0	0	0	0	2	3	0
Sporosarcina	3	2	0	0	0	0	0	0	0	0	0	0	0	0	1	0	0	12	0	0	0	0	0	0	0	0	0	0	0
Kurthia	2	0	0	0	0	0	0	0	0	0	0	0	0	0	0	0	0	0	0	0	0	0	0	0	0	0	0	0	0
Rummeliibacillus	1	0	0	0	0	0	0	0	0	0	0	0	0	0	0	0	0	0	2	0	0	0	0	0	0	0	0	0	0
Gemella	8	7290	1431	1	4	0	790	0	0	0	0	0	0	0	0	1	0	3	26852	0	0	0	0	0	0	0	0	0	53
Exiguobacterium	2	2	0	1	7	0	0	0	0	0	0	0	0	0	2	0	0	0	1	0	0	0	0	0	0	0	0	0	0
Novibacillus	4	1	0	5	51	0	0	0	0	12	0	0	6	3	0	0	0	0	3	0	0	0	0	0	0	0	0	0	0
Laceyella	2	0	0	16	109	0	0	2	0	6	1	0	0	15	2	0	0	1	0	0	1	3	1	2	0	0	0	0	0
Staphylospora	2	0	0	0	5	0	0	0	0	0	0	0	0	0	0	0	0	1	0	0	0	0	0	0	0	0	0	0	0
Kyrpidia	2	0	0	70	554	0	0	0	0	0	0	0	0	0	0	0	5	1	0	0	0	0	0	1	1	0	0	0	0
Alicyclobacillus	1	3	0	0	0	0	0	0	0	0	0	0	0	0	0	0	0	0	0	0	0	0	0	0	0	0	0	0	0
Streptococcus	201	22368	86222	1005	16798	917	102465	505	0	17	13	67	0	195	682	680	1053	3588	2816533	0	0	0	0	572	116	40	2465	41052	403
Lactococcus	15	9	13	41	142	18	1	0	0	5	1	1	2	1	7	8	50	44	163	0	0	0	0	0	0	0	4	0	0
Lactobacillus	154	720	34	118	345	231	33	14	0	27	37	35	11	33	129	196	186	259	1458	18	18	0	12	296	83	71	7	1171	0
Pediococcus	7	0	0	0	4	0	0	0	0	0	0	7	9	9	0	0	0	2	1	0	0	0	0	0	0	0	0	0	0
Enterococcus	36	97	15	13	23	623	11	0	0	3	4	0	0	2	529	523	621	682	345	0	0	0	0	0	0	0	26	110	0
Tetragenococcus	10	0	0	0	5	0	0	2	0	0	0	0	0	0	0	0	0	0	7	0	0	0	0	1	0	0	0	35	0
Melissococcus	8	1	0	0	0	0	0	0	0	0	0	0	0	0	0	0	0	0	0	0	0	0	0	0	0	0	0	0	0
Vagococcus	5	0	0	0	0	0	0	0	0	0	0	0	0	0	3	0	1	0	3	0	0	0	0	1	0	0	0	49	0
Weissella	13	0	0	1	9	0	2	0	0	0	7	0	0	0	1	0	0	0	6	0	0	0	0	18	3	1	1	14	0
Leuconostoc	8	14	0	0	530	12	2	0	1	0	0	0	0	0	1	0	0	8	8	0	0	0	0	0	0	0	0	0	0
Oenococcus	5	3	0	7	13	0	0	0	0	0	5	0	0	0	0	0	0	0	0	0	0	0	0	0	0	0	0	0	0
Carnobacterium	14	11	0	0	0	0	0	0	0	0	0	1	0	0	0	0	0	0	53	0	0	0	0	0	0	0	0	0	0
Jeotgalibaca	5	2	0	0	0	0	0	0	0	0	0	0	0	0	0	0	0	0	117	0	0	0	0	0	0	0	0	0	0
Marinilactibacillus	2	0	0	0	0	0	0	0	0	0	0	0	0	0	0	0	0	0	0	0	0	0	0	0	0	0	0	0	0
Dolosigranulum	1	21	63	7	59	0	1	0	0	0	0	0	0	4	0	0	0	0	808	0	0	0	0	0	0	0	0	0	0
Aerococcus	5	177	4	0	12	0	7	0	0	0	0	0	0	0	0	0	1	0	240	0	0	0	0	0	0	0	0	0	0
Clostridium	335	519	0	1311	10663	171	0	13	4	244	2493	257	2865	1037	213	146	269	284	13	243	150	175	5	232	42	6	1	8	0
CandidatusArthromitus	8	0	0	0	0	1	0	0	0	0	0	0	0	0	0	0	0	0	0	0	0	0	0	0	0	0	0	0	0
Alkaliphilus	6	186	0	0	1	0	0	0	0	0	0	0	0	1	2	0	4	0	0	0	0	0	0	1	0	0	0	5	0
Caloranaerobacter	5	4	0	0	0	35	0	0	0	0	0	0	0	0	3	6	23	39	0	0	0	0	0	0	0	0	0	0	0
Hathewaya	4	0	0	7	5	0	0	0	0	0	0	0	0	0	2	0	0	0	0	0	0	0	0	0	0	0	0	0	0
Crassaminicella	4	0	0	0	0	0	0	0	0	0	0	0	0	0	0	0	0	0	0	0	0	0	0	0	0	0	0	0	0
Geosporobacter	4	99	0	0	1	3	0	0	0	0	0	0	0	0	0	3	5	0	1	0	0	0	0	0	0	0	0	0	0
Caloramator	2	3	0	1	0	6	0	0	0	0	0	0	0	0	7	6	8	19	0	0	0	0	0	0	0	0	0	0	0
Hungatella	1	66	0	646	3449	107	0	76	39	0	3	1	1	404	74	376	213	49	0	55	74	141	57	315	67	147	0	0	0
Butyrivibrio	18	181	0	321	686	20	0	0	0	0	0	0	16	60	9	6	17	19	2	11	23	0	31	356	28	134	0	0	0
Blautia	14	24	0	14161	39302	9232	0	2250	604	1664	1497	2096	1352	7789	9476	7821	10783	21870	1	2030	2863	4425	4116	14531	5292	8825	3	0	0
Lachnoclostridium	13	483	1	8869	28327	18817	4	803	240	1093	865	1061	628	2124	17275	25606	35694	41555	1	536	403	606	788	9642	1289	3049	1	0	0
Cellulosilyticum	11	0	0	0	3579	861	0	0	0	0	0	0	0	0	78	3	12	9	0	0	0	0	0	0	0	0	0	0	0
Roseburia	6	49	0	1173	9571	6393	0	0	0	587	780	423	173	1398	8071	6910	12317	4701	0	0	0	0	0	213	0	0	0	0	0
Anaerocolumna	6	13	0	34	222	9	0	0	0	2	0	0	0	20	3	4	5	7	3	0	0	0	0	3	0	1	0	0	0
Lachnoanaerobaculum	4	1435	4	207	1145	39	2	1	0	2	3	4	2	235	84	53	59	85	7	15	1	4	2	62	33	7	40	0	1
Anaerostipes	3	27	0	2072	11404	2846	0	105	44	137	125	152	200	1527	5041	4329	2821	2757	0	284	107	122	201	14080	2125	4230	0	0	0
Lachnospira	3	309	0	22952	112722	7031	0	1313	1560	426	278	320	121	8863	3694	1829	2760	414	0	684	1757	2078	158	14024	1508	3184	1	0	0
Pseudobutyrivibrio	2	0	0	2	84	10	0	0	0	3	4	2	1	11	20	18	23	7	0	0	0	1	1	1	1	2	0	0	0
Anaerobutyricum	1	3	0	5215	21287	2279	0	682	115	0	0	0	0	1090	1836	1670	2004	3659	0	357	842	640	1310	17880	3504	7305	0	0	0
Filifactor	63	15390	7	0	11	8	9	0	0	1	0	0	0	0	8	4	4	13	127	0	0	0	0	0	0	0	0	0	1
Clostridioides	25	6354	6	353	799	6864	7	0	0	13	12	34	25	41	6803	6556	11892	9352	124	0	4	23	3	145	104	1	0	0	0
Paeniclostridium	9	0	0	0	0	0	0	0	0	0	0	0	2	0	0	0	0	0	0	0	0	0	0	0	0	0	0	0	0
Acetoanaerobium	9	871	0	1	489	0	0	1	1	0	0	0	0	4	0	0	0	0	0	3	3	4	11	6	0	0	0	0	0
Paraclostridium	5	0	0	22	227	0	0	0	0	8	6	70	4	40	0	0	0	0	0	0	0	0	0	0	0	0	0	0	0
Peptoclostridium	1	528	0	0	1	0	0	0	0	0	0	0	0	0	0	1	0	0	0	0	0	0	0	0	0	0	0	0	0
Aminipila	50	74	0	0	0	65	0	0	0	173	90	149	65	0	9	18	29	56	0	0	0	0	0	0	0	0	0	0	0
Mogibacterium	5	1242	7	0	0	0	68	0	0	0	0	0	0	0	2	1	0	12	5	0	0	0	0	0	0	0	0	0	3
Thermaerobacter	4	28	0	0	8	2	0	0	0	0	0	0	0	1	1	2	4	8	0	0	0	0	0	0	0	2	0	0	0
Carboxydocella	1	0	0	0	0	0	0	0	0	0	0	0	0	2	1	0	0	1	0	0	0	0	0	0	0	0	0	0	0
Desulfosporosinus	11	0	0	0	11	0	0	0	0	0	0	0	0	0	1	0	1	1	1	0	0	0	0	0	0	0	0	0	0
Desulfitobacterium	7	5	0	6	0	0	0	0	0	0	0	0	0	0	1	0	1	3	0	0	0	0	0	0	0	0	0	0	0
Dehalobacter	6	0	0	95	583	5	0	27	3	0	0	0	0	69	13	0	16	12	0	25	38	60	1	42	8	19	0	0	0
Desulfallas	5	2	0	1	18	2	0	0	0	0	0	0	0	0	3	9	6	1	0	0	0	0	0	0	0	0	0	0	0
Desulfotomaculum	4	16	0	95	597	0	0	0	0	3	1	2	0	32	8	7	3	3	2	0	0	0	0	1	0	0	0	0	0
Thermincola	1	0	0	0	0	2	0	0	0	0	0	0	0	0	0	0	0	3	0	0	0	0	0	0	0	0	0	0	0
Desulfofarcimen	1	50	0	4	31	0	0	0	0	0	0	0	0	1	0	0	1	1	47	0	0	0	0	0	0	1	0	0	0
Faecalibacterium	9	47	0	26247	135101	21016	1	1170	267	5027	3367	5240	4037	34057	89660	73223	66466	15093	1	3841	3101	2693	896	25094	4055	2944	0	0	0
Ruminococcus	6	18	0	12023	62460	22800	0	119	67	289	285	301	278	9773	38420	10605	4512	6716	0	299	253	299	488	11711	2852	251	0	6	0
Caproiciproducens	4	6	0	0	5	14	0	0	0	0	0	0	0	0	13	10	23	101	0	0	0	0	59	0	0	0	0	0	0
Flavonifractor	1	1150	0	4643	23434	8049	0	261	125	99	237	81	15	2017	15408	27715	15349	20347	0	116	173	147	1087	992	180	253	0	0	0
Ruthenibacterium	1	0	0	9268	41059	12495	0	49	25	2063	2363	848	633	3553	6391	6581	12298	31237	0	36	59	68	1298	3078	509	1453	0	0	0
Ethanoligenens	1	8	0	5	27	25	0	0	0	0	0	0	0	2	30	12	26	15	0	0	0	0	0	0	0	0	0	0	0
Hungateiclostridium	9	20	0	48	143	12	0	0	0	0	0	1	0	36	4	8	7	28	0	0	0	0	0	0	0	0	0	0	0
Ruminiclostridium	5	0	0	0	0	2	0	0	0	0	0	0	0	0	3	3	0	6	0	0	0	0	0	0	0	0	0	0	0
Thermoclostridium	4	12	0	2	10	0	0	0	0	2	0	0	0	1	4	7	7	2	0	0	0	0	0	1	0	0	0	0	0
Pseudoclostridium	4	2	0	0	6672	4	0	0	0	0	0	0	0	4	4	3	4	2	0	0	0	0	0	0	0	0	0	0	0
Mageeibacillus	1	83	0	2	25	19	0	1	0	4	0	0	0	1	9	11	15	11	0	0	0	0	0	111	0	0	0	0	0
Acetobacterium	5	2	1	0	0	0	0	0	0	0	0	0	0	0	0	0	0	0	17	0	0	0	0	0	0	0	0	0	0
Eubacterium	1	393	0	202	597	976	0	48	0	119	76	70	108	160	826	715	1123	1265	0	59	31	34	5	144	19	17	0	0	0
Petrocella	5	45	0	268	1217	4	0	0	0	59	49	69	28	93	3	2	2	3	1	0	0	0	0	0	0	0	0	0	0
Heliorestis	4	0	0	0	0	0	0	0	0	0	0	0	0	0	0	0	0	0	0	0	0	0	0	0	0	0	0	0	0
Dysosmobacter	2	3	0	0	0	18676	0	0	0	0	0	0	0	0	25936	34276	43857	25270	0	0	0	0	0	0	0	0	0	0	0
Oscillibacter	1	4	0	8988	41879	19929	0	123	43	240	312	208	0	6976	39850	60915	51988	17462	0	70	85	84	61	1287	168	903	0	0	0
Christensenella	3	77	0	3100	8720	1723	0	0	0	5	3	9	1	772	610	866	1107	1520	0	0	0	3	0	27	5	6	0	3	0
CandidatusSyntrophocurvum	2	108	0	0	0	0	0	0	0	0	0	0	0	0	0	0	0	0	0	0	0	0	0	0	0	0	0	0	0
Syntrophothermus	1	0	0	43	355	0	0	0	0	7	0	2	1	25	1	0	0	0	0	0	0	0	0	0	0	0	0	0	0
Thermoanaerobacterium	19	0	1	0	3	0	1	0	0	0	0	0	0	0	4	0	0	0	3	0	0	0	0	0	0	0	0	0	0
Caldicellulosiruptor	11	0	0	0	0	4	0	0	0	0	0	0	0	0	0	0	0	0	0	0	0	0	0	0	0	0	0	0	0
Moorella	3	0	0	0	0	0	0	0	0	0	0	0	0	0	0	0	0	3	0	0	0	0	0	0	0	0	0	0	0
Ammonifex	3	4	0	0	0	4	0	0	0	0	0	0	0	0	2	7	12	1	0	0	0	0	0	0	0	0	0	0	0
Thermoanaerobacter	5	0	0	0	0	0	0	0	0	0	0	0	0	0	0	0	0	0	0	0	0	0	0	0	0	0	0	0	0
Thermanaeromonas	2	0	0	2	13	0	0	0	0	0	0	0	0	0	0	0	0	0	0	0	0	0	0	0	0	0	0	0	0
Tepidanaerobacter	1	0	0	0	0	0	0	0	0	6	1	3	0	0	0	0	0	1	0	0	0	0	0	0	0	0	0	0	0
Mahella	3	126	0	14	0	3	0	0	0	0	0	0	0	0	3	4	7	7	0	0	0	0	0	0	0	0	0	0	0
Halothermothrix	4	1	0	8	66	0	0	0	0	0	0	1	1	4	0	0	0	0	0	0	0	0	0	1	0	0	0	0	0
Halanaerobium	2	0	0	0	0	0	0	0	0	0	0	0	0	0	0	0	0	0	0	0	0	0	0	0	0	0	0	0	0
Halocella	1	0	0	0	4	0	0	0	0	0	0	0	0	3	0	0	0	0	0	0	0	0	0	0	0	0	0	0	0
Anoxybacter	4	11	0	8	15	0	0	0	0	0	0	0	0	3	0	1	0	2	0	0	0	0	0	0	0	0	0	0	0
Halobacteroides	1	0	0	0	0	0	0	0	0	0	1	0	0	0	0	0	0	0	0	0	0	0	0	0	0	0	0	0	0
Natranaerobius	1	0	0	0	8	1	0	0	0	0	0	0	0	0	0	0	0	0	1	0	0	0	0	0	0	0	0	0	0
Pelosinus	13	0	0	1	0	0	0	0	0	0	0	0	0	0	0	0	0	0	0	0	0	0	0	0	0	0	0	2	0
Methylomusa	3	1	0	0	0	0	0	0	0	0	0	0	0	0	0	0	0	1	0	0	0	0	0	0	0	0	0	0	0
Selenomonas	5	50	8	0	2	11	29	0	0	0	0	0	0	1	16	11	11	4	56	0	0	0	0	1	0	0	27	20	2
Megamonas	2	7	0	0	0	0	0	0	2	13441	6277	5028	4762	0	0	825	14	0	0	0	0	1	1	0	0	0	0	0	0
Veillonella	6	14	2674	0	21	2	6674	0	0	0	0	0	0	32	21	10	8	0	697789	0	0	0	0	67	0	0	3692	37159	123
Dialister	2	58	0	1072	728	5	0	42	13	0	0	0	0	1799	87	46	20	72	3	136	37	50	100	0	0	0	0	0	0
Megasphaera	1	0	1	2	12	59	7	0	0	1	0	0	1	0	98	128	130	44	0	0	1	0	0	0	1	0	21	480	0
Phascolarctobacterium	3	0	0	0	0	4	0	0	0	0	0	0	0	0	5	1	15	47	0	0	0	0	0	0	0	0	0	0	0
Acidaminococcus	1	0	0	1	0	0	0	2	1	0	3	0	0	1	6	2	3	1	0	1	0	1	0	1	0	0	0	0	0
Anaerococcus	8	922	2	185	14	0	0	0	0	0	0	0	0	4	0	0	0	0	3	0	0	1	0	3	3	143	0	0	0
Finegoldia	8	90	0	302	9	1	0	1	0	0	1	0	0	0	0	0	0	14	1	0	0	0	0	84	64	3004	0	0	0
Parvimonas	6	3351	132	0	12	0	15	0	0	0	0	1	0	2	0	0	0	0	165	0	0	0	0	2	0	1	18	11	17
Peptoniphilus	2	61	0	421	15	0	0	27	0	1	1	4	0	2	0	0	0	0	0	0	0	1	9	95	97	1846	0	0	0
Murdochiella	1	193	0	123	6	112	0	0	0	0	0	0	0	1	121	91	103	115	9	1	0	0	0	7	9	70	0	1	0
Sporanaerobacter	2	4	0	0	0	0	0	0	0	0	0	0	0	0	0	0	1	0	1	0	0	0	0	0	0	0	0	0	0
Gudongella	1	20	0	0	0	0	0	0	0	0	1	0	0	0	0	0	0	0	0	0	0	0	0	0	0	0	0	0	0
Ezakiella	2	33	0	8	14	0	0	0	0	0	0	0	0	0	1	0	0	0	2	0	0	0	0	29	0	0	0	0	0
Longibaculum	5	0	0	0	0	3314	0	0	0	0	0	0	0	0	4767	4466	6570	6846	0	0	0	0	0	0	0	0	0	0	0
Erysipelothrix	4	492	0	56	78	0	0	108	0	2	2	1	1	82	0	0	0	16	0	0	0	36	0	206	28	585	0	0	0
Turicibacter	3	3	0	0	5	103	0	0	0	0	2	10	0	22	187	73	83	24	0	0	0	0	21	104	202	0	0	0	0
Intestinibaculum	2	33	0	0	2	10	0	0	0	1	0	1	0	0	9	10	10	11	1	0	0	0	0	0	0	0	0	0	0
Limnochorda	3	0	0	0	1	0	0	0	0	0	0	0	0	0	0	0	0	1	1	0	0	0	0	0	0	0	0	0	0
Mycolicibacterium	3255	569	0	0	1	3	1	0	0	0	0	0	0	0	11	8	10	0	29	0	0	0	0	0	0	0	0	0	1
Mycobacterium	480	779	0	0	1	1	5	0	0	0	0	0	0	0	3	0	3	5	2	0	0	0	0	0	0	0	0	0	0
Mycobacteroides	37	25	0	0	0	0	0	0	0	0	0	0	0	0	0	1	0	0	2	0	0	0	0	0	0	0	0	0	0
Mycolicibacillus	2	12	0	0	0	0	0	0	0	0	0	0	0	0	0	0	0	0	0	0	0	0	0	0	0	0	0	0	0
Mycolicibacter	2	165	0	0	0	0	1	0	0	0	0	0	0	0	0	0	0	0	0	0	0	0	0	0	0	0	0	0	0
Corynebacterium	78	18699	185	393	9	8	10	8	0	0	1	1	0	0	11	5	14	33	32382	0	0	0	0	99	101	3638	225	0	13
Rhodococcus	27	348	1	0	7	1	2	0	0	0	0	0	1	0	0	0	0	2	15	0	0	0	0	0	0	20	0	0	0
Nocardia	23	149	0	2	7	0	0	0	0	0	0	0	0	0	0	0	0	1	2	0	0	0	0	0	0	0	0	0	0
Gordonia	29	649	0	0	0	0	0	0	0	0	0	0	0	0	0	0	0	0	0	0	0	0	0	0	0	0	0	0	0
Dietzia	8	158	0	0	6	0	1	0	0	0	0	0	0	0	0	2	0	0	16	0	0	0	0	0	0	0	0	0	0
Tsukamurella	4	109	0	0	0	0	0	0	0	0	0	0	0	0	0	0	0	0	2	0	0	0	0	0	0	0	0	0	0
Tomitella	1	177	0	0	0	0	0	0	0	0	0	0	0	0	0	0	1	0	1	0	0	0	0	0	0	0	0	0	0
Cutibacterium	1152	2143	36	3	0	23	1564	0	0	0	3	4	0	0	30	14	55	36	741	0	0	0	0	21	4	3	16	3	0
Tessaracoccus	5	3330	2	0	0	1	0	0	0	0	0	0	0	0	3	2	4	0	16	0	0	0	0	0	0	0	0	0	0
Auraticoccus	4	601	0	0	0	0	0	0	0	0	0	0	0	0	0	0	0	0	0	0	0	0	0	0	0	0	0	0	0
Propionibacterium	2	3070	1	0	0	0	2	0	0	0	0	0	0	0	0	0	0	4	23	0	0	0	0	0	0	0	0	0	0
Microlunatus	2	74	0	0	0	0	2	0	0	0	0	0	0	0	0	0	0	0	2	0	0	0	0	0	0	0	0	1	0
Nocardioides	18	727	0	0	0	0	0	0	0	0	0	0	0	0	1	1	2	2	11	0	0	0	0	0	0	0	0	0	0
Aeromicrobium	9	139	0	0	8	2	0	0	0	0	0	0	0	0	3	3	4	4	0	0	0	0	0	0	0	0	0	0	0
Micropruina	4	139	0	0	0	0	0	0	0	0	0	0	0	0	0	1	0	0	0	0	0	0	0	0	0	0	0	0	0
Marmoricola	1	4	0	0	0	0	0	0	0	0	0	0	0	0	0	0	0	0	0	0	0	0	0	0	0	0	0	0	0
Kribbella	1	140	0	0	0	0	0	0	0	0	0	0	0	0	1	0	0	0	2	0	0	0	0	0	0	0	0	0	0
Streptomyces	296	3239	0	16	631	28	4	0	0	2	0	1	0	14	11	15	26	22	24	0	0	0	0	0	0	0	0	218	0
Kitasatospora	8	1	0	0	0	1	0	0	0	0	0	0	0	0	2	1	1	0	2	0	0	0	0	0	0	0	0	0	1
Streptacidiphilus	4	16	0	0	0	0	0	0	0	0	0	0	0	0	0	0	0	0	0	0	0	0	0	0	0	0	0	0	0
Micrococcus	115	1497	0	0	0	2	14	0	0	0	0	0	0	0	0	0	0	0	11	0	0	0	0	0	0	0	0	0	0
Kocuria	13	1693	0	0	0	0	11	0	0	0	0	4	0	0	0	3	0	0	11	0	0	0	0	0	0	0	0	0	0
Arthrobacter	9	474	0	0	0	8	0	0	0	0	0	0	0	0	2	5	14	14	14	0	0	0	0	0	0	0	0	0	3
Rothia	8	196	17060	4	0	5	18440	0	0	0	1	0	0	0	3	7	48	22	361241	0	0	0	0	11	0	6	609	9859	135
Pseudarthrobacter	6	133	0	0	0	0	0	0	0	0	0	0	0	0	0	1	0	0	0	0	0	0	0	0	0	0	0	0	0
Glutamicibacter	4	145	0	0	0	0	0	0	0	0	0	0	0	0	0	0	0	1	9	0	0	0	0	0	0	0	0	0	0
Neomicrococcus	2	137	0	0	0	0	0	0	0	0	0	0	0	0	0	0	0	0	0	0	0	0	0	0	0	0	0	0	0
Auritidibacter	1	79	0	0	0	0	0	0	0	0	0	0	0	0	0	0	0	0	0	0	0	0	0	0	0	0	0	0	0
Microbacterium	26	1738	8	0	0	0	2	0	0	0	0	0	0	0	3	7	9	16	39	0	0	0	0	0	0	0	0	0	0
Rathayibacter	11	296	0	0	0	0	1	0	0	0	0	0	0	0	0	0	0	0	9	0	0	0	0	0	0	0	0	0	0
Curtobacterium	7	145	0	0	0	0	0	0	0	0	0	0	0	0	0	0	0	2	4	0	0	0	0	0	0	0	0	0	0
Clavibacter	4	432	0	0	0	0	0	0	0	0	0	0	0	0	0	0	0	0	0	0	0	0	0	0	0	0	0	0	0
Agromyces	4	400	0	0	0	0	0	0	0	0	0	0	0	0	0	1	0	0	5	0	0	0	0	0	0	0	0	0	0
Leucobacter	3	122	0	0	0	0	0	0	0	0	0	0	0	0	0	0	0	0	13	0	0	0	0	0	0	0	0	0	0
Agrococcus	2	369	0	0	0	0	0	0	0	0	0	0	0	0	0	0	1	0	1	0	0	0	0	0	0	0	0	0	0
Frondihabitans	2	105	0	0	0	0	0	0	0	0	0	0	0	0	0	0	0	0	1	0	0	0	0	0	0	0	0	0	0
Protaetiibacter	1	186	0	0	0	0	0	0	0	0	0	0	0	0	0	0	0	0	0	0	0	0	0	0	0	0	0	0	0
Mycetocola	1	64	0	0	0	0	0	0	0	0	0	0	0	0	0	0	0	0	0	0	0	0	0	0	0	0	0	0	0
Aurantimicrobium	1	142	0	0	0	0	0	0	0	0	0	0	0	0	0	0	1	0	0	0	0	0	0	0	0	0	0	0	0
Serinicoccus	7	237	0	0	0	0	0	0	0	0	0	0	0	0	0	1	0	0	1	0	0	0	0	0	0	0	0	0	0
Ornithinimicrobium	4	130	0	0	0	1	0	0	0	0	0	0	0	0	0	0	0	1	1	0	0	0	0	0	0	0	0	0	0
Janibacter	4	271	0	0	0	0	3	0	0	0	0	0	0	0	0	0	0	0	15	0	0	0	0	0	0	0	0	0	0
Tetrasphaera	3	12	0	0	0	0	0	0	0	0	0	0	0	0	0	0	0	0	0	0	0	0	0	0	0	0	0	0	0
Phycicoccus	2	31	0	0	0	0	0	0	0	0	0	0	0	0	0	0	0	0	0	0	0	0	0	0	0	0	0	0	0
Arsenicicoccus	1	57	0	0	0	0	0	0	0	0	0	0	0	0	0	0	0	0	2	0	0	0	0	0	0	0	0	18	0
Cellulomonas	15	451	0	0	21	1	0	0	0	0	0	0	0	1	0	0	1	0	5	0	0	0	0	5	0	0	0	0	0
Oerskovia	5	22	0	0	0	0	1	0	0	0	0	0	0	0	0	0	0	0	8	0	0	0	0	0	0	0	0	0	0
Brachybacterium	12	627	1	0	0	0	0	0	0	0	0	0	0	0	0	0	0	0	2	0	0	0	0	0	0	0	0	0	0
Dermabacter	3	605	0	0	0	0	0	0	0	0	0	0	0	0	0	0	1	0	10	0	0	0	0	0	0	0	0	0	0
Devriesea	2	114	0	0	0	0	0	0	0	0	0	0	0	0	0	0	0	0	0	0	0	0	0	0	0	0	0	0	0
Cellulosimicrobium	3	96	0	0	0	0	0	0	0	0	0	0	0	0	0	0	0	0	0	0	0	0	0	0	0	0	0	0	0
Isoptericola	2	196	0	0	0	0	0	0	0	0	0	0	0	0	0	0	0	0	9	0	0	0	0	0	0	0	0	0	0
Dermacoccus	1	116	0	0	0	0	21	0	0	0	0	0	0	0	0	0	0	0	1	0	0	0	0	0	0	0	0	0	0
Luteimicrobium	1	22	2	0	0	0	0	0	0	0	0	0	0	0	0	0	0	0	0	0	0	0	0	0	0	0	0	0	0
Georgenia	1	419	1	0	0	0	0	0	0	0	0	0	0	0	0	0	1	0	7	0	0	0	0	0	0	0	0	0	0
Brevibacterium	1	389	2	0	0	2	7	0	0	0	0	0	0	0	0	0	3	2	35	0	0	0	0	0	0	0	0	0	0
Jonesia	1	71	0	0	0	0	0	0	0	0	0	0	0	0	0	0	0	0	0	0	0	0	0	0	0	0	0	0	0
Amycolatopsis	18	178	0	0	0	1	0	0	0	0	0	0	0	0	4	0	1	0	1	0	0	0	0	0	0	0	0	0	0
Pseudonocardia	12	144	0	0	0	0	0	0	0	0	0	0	0	0	0	0	0	0	2	0	0	0	0	0	0	0	0	0	0
Lentzea	7	9	0	0	0	0	0	0	0	0	0	0	0	0	0	0	1	0	0	0	0	0	0	0	0	0	0	0	0
Actinosynnema	5	0	0	0	0	0	0	0	0	0	0	0	0	0	0	0	0	0	0	0	0	0	0	0	0	0	0	0	0
Saccharothrix	5	9	0	0	0	1	0	0	0	0	0	0	0	0	0	0	0	0	0	0	0	0	0	0	0	0	0	0	0
Actinoalloteichus	5	5	0	0	0	0	0	0	0	0	0	0	0	0	0	0	0	0	0	0	0	0	0	0	0	0	0	0	0
Saccharomonospora	4	311	0	0	0	2	0	0	0	2	0	0	0	0	0	0	0	0	2	0	0	0	0	0	0	0	0	0	1
Kutzneria	4	75	0	0	0	0	0	0	0	0	0	0	0	0	0	0	0	0	0	0	0	0	0	0	0	0	0	0	0
Allokutzneria	1	45	0	0	1	0	0	0	0	0	0	0	0	0	0	0	0	0	0	0	0	0	0	0	0	0	0	0	0
Prauserella	1	5	0	0	0	1	0	0	0	0	0	0	0	0	0	0	0	0	0	0	0	0	0	0	0	0	0	0	0
Kibdelosporangium	1	1	0	0	0	0	0	0	0	0	0	0	0	0	0	0	0	0	0	0	0	0	0	0	0	0	0	0	0
Micromonospora	29	200	0	0	0	0	0	0	0	0	0	0	0	0	0	0	7	6	9	0	0	0	0	0	0	0	0	0	0
Actinoplanes	23	185	0	0	0	0	0	0	0	0	0	0	0	0	0	1	0	0	5	0	0	0	0	0	0	0	0	0	0
Plantactinospora	5	72	0	0	8	0	0	0	0	0	0	0	0	1	0	0	0	0	0	0	0	0	0	0	0	0	0	0	0
Verrucosispora	1	4	0	0	0	0	0	0	0	0	0	0	0	0	0	0	0	0	0	0	0	0	0	0	0	0	0	0	0
Actinomyces	39	17165	957	21	20	16	2015	0	0	0	4	0	0	0	0	25	115	90	167029	0	0	0	0	0	0	0	960	6190	32
Schaalia	7	3368	2571	3	7	16	1719	0	0	0	0	0	0	3	7	11	68	28	27755	0	0	0	0	16	0	0	0	13603	14
Arcanobacterium	1	76	0	0	0	0	0	0	0	0	0	0	0	0	0	0	0	0	2	0	0	0	0	0	0	0	0	0	0
Bifidobacterium	35	535	6	459	906	2015	1	32	0	2076	623	226	2464	75	1812	3104	1802	10290	599	0	0	0	69	0	0	0	0	0	1
Gardnerella	13	22	0	0	0	30	2	0	0	0	0	0	3	0	42	43	18	6	0	0	0	0	0	0	0	0	0	0	0
Actinomadura	14	93	0	0	0	0	0	0	0	0	0	0	0	0	0	0	1	0	0	0	0	0	0	0	0	0	0	0	0
Nonomuraea	7	477	1	0	0	0	0	0	0	0	0	0	0	0	0	0	0	0	0	0	0	0	0	0	0	0	0	0	0
Streptosporangium	1	38	0	0	0	0	0	0	0	0	0	0	0	0	0	0	0	0	0	0	0	0	0	0	0	0	0	0	0
Nocardiopsis	4	157	0	0	1	0	0	0	0	0	0	0	0	1	0	0	0	0	0	0	0	0	0	0	0	0	0	0	1
Streptomonospora	2	7	0	0	0	1	0	0	0	0	0	0	0	0	1	2	1	3	1	0	0	0	0	0	0	0	0	0	0
Frankia	13	109	0	3	3	0	0	0	0	0	0	0	0	0	0	0	0	12	1	0	0	0	0	0	0	0	0	0	0
Catenulispora	4	0	0	0	0	0	0	0	0	0	0	0	0	0	0	0	0	0	2	0	0	0	0	0	0	0	0	0	0
Blastococcus	2	0	0	0	0	0	0	0	0	0	0	0	0	0	0	0	0	0	0	0	0	0	0	0	0	0	0	0	0
Geodermatophilus	1	4	0	0	0	0	0	0	0	0	0	0	0	0	0	0	0	0	0	0	0	0	0	0	0	0	0	0	0
Acidothermus	2	30	0	0	0	0	0	0	0	0	0	0	0	0	0	0	0	0	0	0	0	0	0	0	0	0	0	0	0
Kineococcus	1	109	0	0	0	0	0	0	0	0	0	0	0	0	0	0	0	0	0	0	0	0	0	0	0	0	0	0	0
Jiangella	1	1	0	0	0	0	0	0	0	0	0	0	0	0	0	0	0	0	0	0	0	0	0	0	0	0	0	0	0
Nakamurella	1	67	0	10	16	0	0	0	0	0	0	0	0	0	0	0	1	0	1	0	0	0	0	0	0	0	0	0	0
Epidermidibacterium	1	3	0	0	0	0	0	0	0	0	0	0	0	0	0	0	0	0	0	0	0	0	0	0	0	0	0	0	0
CandidatusNanopelagicus	1	0	0	0	0	0	0	0	0	0	0	0	0	0	0	0	0	0	0	0	0	0	0	0	0	0	0	0	0
Eggerthella	6	0	0	220	804	4902	0	13	15	0	0	0	0	77	2972	4221	6363	22640	0	4	4	8	44	209	13	255	0	0	0
Adlercreutzia	2	4	0	197	573	2091	0	4	5	32	32	23	11	88	1156	1693	3788	7518	0	3	3	7	22	239	18	561	0	0	0
Phoenicibacter	1	0	0	0	3	0	0	0	0	0	0	0	0	0	1	2	1	4	0	0	0	0	0	0	0	3	0	0	0
Slackia	1	0	0	2	1	6	0	0	0	39	30	15	20	0	3	2	5	3	0	0	0	0	0	0	0	1	0	0	0
Collinsella	4	5	0	1	0	96	0	0	0	11372	6499	6325	7034	0	52	109	123	1361	7	1	0	0	0	4	0	0	0	0	0
Olsenella	5	0	1	48	279	48	0	7	0	204	115	54	70	128	10	19	32	48	51	0	1	0	0	37	3	16	0	4	0
Rubrobacter	5	3	0	0	0	0	0	0	0	2	1	4	1	0	0	0	0	0	0	0	0	0	0	0	0	0	0	0	0
Baekduia	3	1	0	0	0	0	0	0	0	0	0	0	0	0	0	0	0	0	0	0	0	0	0	0	0	0	0	0	0
Egibacter	5	3	0	0	0	0	0	0	0	0	0	0	0	0	0	0	0	2	0	0	0	0	0	0	0	0	0	0	0
Euzebya	1	95	0	0	0	0	0	0	0	0	0	0	0	0	0	0	0	0	0	0	0	0	0	0	0	0	0	0	0
Conexibacter	1	0	0	0	2	0	0	0	0	0	0	0	0	0	0	0	0	1	0	0	0	0	0	0	0	0	0	0	0
Nostoc	53	1	0	0	0	0	0	0	0	0	0	0	0	0	0	0	0	0	0	0	0	0	0	0	0	0	0	0	0
Anabaena	8	0	0	0	0	0	0	0	0	0	0	0	0	0	0	0	0	0	0	0	0	0	0	0	0	0	0	0	0
Cylindrospermum	5	0	0	0	0	0	0	0	0	0	0	0	0	0	0	0	0	0	0	0	0	0	0	0	0	0	0	0	0
Trichormus	1	0	0	0	0	0	0	0	0	0	0	0	0	0	0	0	0	0	0	0	0	0	0	0	0	0	0	0	0
Calothrix	28	0	0	0	0	0	0	0	0	0	0	0	0	0	0	0	0	0	0	0	0	0	0	0	0	0	0	0	0
Nodularia	8	0	0	0	0	0	0	0	0	0	0	0	0	0	0	0	0	0	0	0	0	0	0	0	0	0	0	0	0
Sphaerospermopsis	6	0	0	0	0	0	0	0	0	0	0	0	0	0	0	0	0	0	0	0	0	0	0	0	0	0	0	0	0
Dolichospermum	3	0	0	0	0	0	0	0	0	0	0	0	0	0	0	0	0	0	0	0	0	0	0	0	0	0	0	0	0
Microchaete	4	0	0	0	0	0	0	0	0	0	0	0	0	0	0	0	0	0	0	0	0	0	0	0	0	0	0	0	0
Rivularia	2	0	0	0	0	0	0	0	0	0	0	0	0	0	0	0	0	0	0	0	0	0	0	0	0	0	0	0	0
Scytonema	6	2	0	0	0	0	0	0	0	0	0	0	0	0	0	0	0	0	0	0	0	0	0	0	0	0	0	0	0
Fischerella	2	2	0	0	0	2	0	0	0	0	0	0	0	0	0	0	0	0	0	0	0	0	0	0	0	0	0	0	0
Microcystis	22	10	0	0	0	0	0	0	0	0	0	0	0	0	0	0	0	0	2	0	0	0	0	0	0	0	0	0	4
Gloeothece	6	0	0	0	0	0	0	0	0	0	0	0	0	0	0	0	0	0	0	0	0	0	0	0	0	0	0	0	0
Crocosphaera	5	0	0	0	0	0	0	0	0	0	0	0	0	0	0	0	0	0	0	0	0	0	0	0	0	0	0	0	0
CandidatusAtelocyanobacterium	3	0	0	0	0	0	0	0	0	0	0	0	0	0	0	0	0	0	0	0	0	0	0	0	0	0	0	0	0
Rippkaea	2	9	0	0	0	0	0	0	0	0	0	0	0	0	0	0	0	0	0	0	0	0	0	0	0	0	0	0	0
Geminocystis	11	3	0	0	0	0	0	0	0	0	0	0	0	0	0	0	0	0	0	0	0	0	0	0	0	0	0	0	0
Chondrocystis	3	0	0	0	0	0	0	0	0	0	0	0	0	0	0	0	0	0	0	0	0	0	0	0	0	0	0	0	0
Cyanobacterium	3	0	0	0	0	0	0	0	0	0	0	0	0	0	0	0	0	0	0	0	0	0	0	0	0	0	0	0	0
Planktothrix	4	1	0	0	4	1	0	0	0	0	0	0	0	0	4	0	2	0	2	0	0	0	0	0	0	0	0	0	0
Trichodesmium	4	0	0	0	0	0	0	0	0	0	0	0	0	0	0	0	0	0	0	0	0	0	0	0	0	0	0	0	0
Microcoleus	3	0	0	0	0	0	0	0	0	0	0	0	0	0	0	0	0	0	0	0	0	0	0	0	0	0	0	0	0
Arthrospira	1	33	0	0	0	0	0	0	0	0	0	0	0	0	0	0	0	0	0	0	0	0	0	0	0	0	0	0	0
Moorea	7	0	0	0	11	0	0	0	0	0	0	0	0	0	0	0	0	0	0	0	0	0	0	0	0	0	0	0	0
Oscillatoria	4	333	0	2	16	1	0	0	0	0	0	0	0	0	1	0	1	2	0	0	1	0	0	0	0	0	0	0	0
Crinalium	4	0	0	0	0	0	0	0	0	0	0	0	0	0	1	0	0	3	0	0	0	0	0	0	0	0	0	0	0
Synechococcus	16	32	0	4	23	0	0	0	0	0	0	0	0	5	3	2	1	6	0	0	0	0	0	10	0	0	0	0	0
Thermosynechococcus	5	0	0	0	0	0	0	0	0	0	0	0	0	0	0	0	1	0	0	0	0	0	0	0	0	0	0	0	0
Dactylococcopsis	2	0	0	0	0	0	0	0	0	0	0	0	0	0	0	0	0	0	0	0	0	0	0	0	0	0	0	0	0
Cyanobium	2	1	0	0	0	0	0	0	0	0	0	0	0	0	0	0	0	0	0	0	0	0	0	0	0	0	0	0	0
Prochlorococcus	13	0	0	0	0	0	0	0	0	0	0	0	0	0	0	0	0	0	0	0	0	0	0	0	0	0	0	0	0
Leptolyngbya	12	1	0	0	0	0	0	0	0	0	0	0	0	0	1	0	0	0	0	0	0	0	0	0	0	0	0	0	0
Chamaesiphon	8	0	0	0	0	0	0	0	0	0	0	0	0	0	0	0	1	0	0	0	0	0	0	0	0	0	0	0	3
Pseudanabaena	2	0	0	0	0	0	0	0	0	0	0	0	0	0	1	0	0	1	0	0	0	0	0	0	0	0	0	0	0
Synechocystis	1	0	0	0	0	0	0	0	0	0	0	0	0	0	0	0	0	0	0	0	0	0	0	0	0	0	0	0	0
Halomicronema	1	0	0	0	0	1	0	0	0	0	0	0	0	0	0	0	0	1	0	0	0	0	0	0	0	0	0	0	0
Acaryochloris	1	0	0	0	0	0	0	0	0	0	0	0	0	0	0	0	0	0	0	0	0	0	0	0	0	0	0	0	0
Stanieria	7	1	0	0	0	0	0	0	0	0	0	0	0	0	0	0	0	0	0	0	0	0	0	0	0	0	0	0	0
Gloeobacter	4	0	0	0	0	0	0	0	0	0	0	0	0	0	2	2	1	0	0	0	0	0	0	0	0	0	0	0	0
Chroococcidiopsis	1	0	0	0	0	0	0	0	0	0	0	0	0	0	0	0	0	0	0	0	0	0	0	0	0	0	0	0	0
Gloeomargarita	1	0	0	0	0	0	0	0	0	0	0	0	0	0	0	0	0	0	0	0	0	0	0	0	0	0	0	0	0
Mycoplasma	95	345	34	8	73	2	7	0	0	0	1	0	0	0	2	0	0	0	111	0	0	1	0	2	1	0	0	0	0
Ureaplasma	4	0	0	0	0	0	0	0	0	0	0	0	0	0	0	0	0	0	0	0	0	0	0	0	0	0	0	0	0
Spiroplasma	36	74	0	0	7	0	0	0	0	0	0	0	0	0	0	0	0	0	0	0	0	0	0	0	0	0	0	0	0
Mesoplasma	9	0	0	1	3	0	0	0	0	0	0	0	0	0	0	0	0	0	0	0	0	0	0	0	0	0	0	0	0
Entomoplasma	3	0	0	0	0	0	0	0	0	0	0	0	0	0	0	2	0	20	0	0	0	0	0	0	0	0	0	0	0
Acholeplasma	9	22	0	118	1703	9	0	0	0	0	0	0	0	58	7	8	7	5	0	0	0	0	0	0	0	0	0	0	0
CandidatusPhytoplasma	3	0	0	0	5	0	0	0	0	0	0	2	1	0	0	1	1	0	6	0	0	0	0	0	0	0	0	0	0
CandidatusIzimaplasma	1	2	0	0	19	0	0	0	0	0	0	0	0	0	0	1	0	12	1	0	0	0	0	0	0	0	0	0	0
Thermus	93	79	0	0	0	0	7	0	0	0	0	0	0	0	0	0	1	0	2	0	0	0	0	0	0	0	0	0	0
Meiothermus	2	211	0	0	1	0	0	0	0	0	0	0	0	0	0	0	2	0	0	0	0	0	0	0	0	0	0	0	0
Deinococcus	18	300	0	0	6	8	1	0	0	0	1	0	0	0	0	0	11	10	0	0	0	0	0	0	0	1	0	0	0
Anaerolinea	2	0	0	6	40	0	0	0	0	0	0	0	0	5	0	0	0	0	0	0	0	0	0	0	0	0	1	0	0
Brevefilum	1	0	0	0	0	0	0	0	0	5	3	0	1	0	0	0	0	0	0	0	0	0	0	0	0	0	0	0	0
Dehalococcoides	20	9	0	0	0	8	0	0	0	0	0	0	0	0	3	2	1	4	0	0	0	0	0	0	0	0	0	0	0
Caldilinea	4	0	0	193	5040	0	0	0	0	0	0	1	1	128	0	0	0	0	1	0	0	0	19	0	0	0	0	0	0
Ktedonosporobacter	4	0	0	0	0	0	0	0	0	0	0	0	0	0	0	0	0	0	1	0	0	0	0	0	0	0	0	0	0
CandidatusPromineofilum	3	52	0	1	1	1	0	0	0	0	0	0	0	0	0	0	0	0	0	0	0	0	0	0	0	0	0	0	0
Roseiflexus	2	0	0	0	0	0	0	0	0	0	0	0	0	0	0	0	0	0	0	0	0	0	0	0	0	0	0	0	0
Sphaerobacter	1	0	0	0	0	0	0	0	0	0	0	0	0	0	0	0	0	0	0	0	0	0	0	0	0	0	0	0	0
Chryseobacterium	102	23634	2	2	42	0	2	0	0	6	5	20	3	5	2	4	3	1	52	0	0	0	0	0	0	0	0	0	0
Capnocytophaga	99	6034878	370	0	0	0	237	0	0	0	0	0	0	1	4	3	2	0	35882	0	0	0	0	0	0	0	14	316	24
Flavobacterium	83	144	0	0	2	1	0	0	0	0	0	0	0	0	1	4	6	1	2	0	0	0	0	0	0	0	0	0	0
Polaribacter	41	29	0	0	0	0	0	0	0	0	0	0	0	0	0	1	0	0	0	0	0	0	0	0	0	0	0	0	0
Elizabethkingia	25	2617	0	0	0	0	0	0	0	0	0	0	0	0	0	0	0	1	0	0	0	0	0	0	0	0	0	0	0
Formosa	25	50	0	0	0	0	0	0	0	0	0	0	0	0	0	0	0	0	0	0	0	0	0	0	0	0	0	0	0
Aquimarina	20	5	0	0	0	0	0	0	0	0	0	0	0	0	0	0	0	0	0	0	0	0	0	0	0	0	0	0	0
Tenacibaculum	18	45	0	0	1	0	0	0	0	1	1	0	0	0	0	0	0	1	0	0	0	0	0	0	0	0	0	0	0
Algibacter	17	0	0	0	0	0	0	0	0	0	0	0	0	0	0	0	0	0	0	0	0	0	0	0	0	0	0	0	0
Cellulophaga	16	0	0	0	0	0	0	0	0	0	0	0	0	0	0	0	0	0	7	0	0	0	0	0	0	0	0	0	0
Nonlabens	16	71	0	0	0	0	0	0	0	0	0	0	0	0	3	0	0	0	0	0	0	0	0	0	0	0	0	0	0
Lacinutrix	15	2	0	0	0	0	0	0	0	0	0	0	0	0	0	0	0	0	0	0	0	0	0	0	0	0	0	0	0
Gramella	13	0	0	1	21	0	0	0	0	0	0	0	0	9	1	0	0	0	0	0	0	0	0	0	0	0	0	0	0
Maribacter	13	55	0	0	0	0	0	0	0	0	0	0	0	0	0	0	0	0	0	0	0	0	0	0	0	0	0	0	0
Myroides	12	308	0	0	4	0	0	0	0	0	0	0	0	1	0	0	1	1	0	0	0	0	0	0	0	0	0	0	0
Olleya	8	1	0	0	0	0	0	0	0	0	0	0	0	0	0	0	0	0	0	0	0	0	0	0	0	0	0	0	0
Urechidicola	8	1	0	0	0	0	0	0	0	0	0	0	0	0	0	0	0	0	0	0	0	0	0	0	0	0	0	0	0
Kordia	8	70	0	0	0	0	0	0	0	0	0	0	0	0	0	0	0	0	0	0	0	0	0	0	0	0	0	0	0
Dokdonia	8	3	0	0	0	0	0	0	0	0	0	0	0	0	0	0	0	0	0	0	0	0	0	0	0	0	0	0	0
Psychroserpens	6	0	0	0	0	0	0	0	0	0	0	0	0	0	0	0	0	0	0	0	0	0	0	0	0	0	0	0	0
Cloacibacterium	6	159	0	1	2	0	0	0	0	0	0	0	0	0	0	0	0	0	9	0	0	0	0	0	0	0	0	0	0
Empedobacter	6	30	0	1	16	0	0	0	0	0	0	0	0	2	0	0	0	0	0	0	0	0	0	2	0	0	0	0	0
Flavivirga	6	0	0	0	0	0	0	0	0	0	0	0	0	0	0	0	0	0	0	0	0	0	0	0	0	0	0	0	0
Winogradskyella	5	11	0	0	0	0	0	0	0	0	0	0	0	0	0	0	0	0	0	0	0	0	0	0	0	0	0	0	0
Croceibacter	5	1	0	0	0	0	0	0	0	0	0	0	0	0	0	0	0	0	0	0	0	0	0	1	0	0	0	0	0
Arenibacter	5	2	0	0	0	0	0	0	0	0	0	0	0	0	0	0	0	0	0	0	0	0	0	0	0	0	0	0	0
Siansivirga	4	1	0	0	0	0	0	0	0	0	0	0	0	0	0	0	0	0	0	0	0	0	0	0	0	0	0	0	0
Tamlana	4	0	0	0	0	0	0	0	0	0	0	0	0	0	0	0	0	0	0	0	0	0	0	0	0	0	0	0	0
Mariniflexile	4	7	0	0	0	0	0	0	0	0	0	0	0	0	0	0	0	0	0	0	0	0	0	0	0	0	0	0	0
Muricauda	4	1	0	0	0	0	0	0	0	0	0	0	0	0	0	0	0	0	0	0	0	0	0	0	0	0	0	0	0
Zunongwangia	3	0	0	0	0	0	0	0	0	0	0	0	0	0	0	0	0	0	0	0	0	0	0	0	0	0	0	0	0
Seonamhaeicola	3	0	0	0	0	0	0	0	0	0	0	0	0	0	0	0	0	0	0	0	0	0	0	0	0	0	0	0	0
Riemerella	3	3842	0	0	0	0	0	0	0	0	0	0	0	0	0	0	0	0	26	0	0	0	0	0	0	0	0	57	0
Robiginitalea	3	0	0	0	0	0	0	0	0	0	0	0	0	0	0	0	0	0	0	0	0	0	0	0	0	0	0	0	0
Oceanihabitans	2	0	0	0	0	0	0	0	0	0	0	0	0	0	0	0	0	0	0	0	0	0	0	0	0	0	0	0	0
Lutibacter	2	1	0	0	0	0	0	0	0	0	0	0	0	0	0	1	0	0	0	0	0	0	0	0	0	0	0	0	0
Psychroflexus	2	42	0	0	0	0	0	0	0	0	0	0	0	0	0	0	0	0	0	0	0	0	0	0	0	0	0	0	0
Salegentibacter	1	2	0	0	0	0	0	0	0	0	0	0	0	0	0	0	0	0	0	0	0	0	0	0	0	0	0	0	0
Euzebyella	1	0	0	0	0	3	0	0	0	0	0	0	0	0	3	1	5	1	0	0	0	0	0	0	0	0	0	0	0
Gillisia	1	0	0	0	0	0	0	0	0	0	0	0	0	0	0	0	0	0	0	0	0	0	0	0	0	0	0	0	0
Ornithobacterium	1	16	0	0	0	80	0	0	0	0	0	0	0	0	277	457	697	93	7	0	0	0	0	0	0	0	0	0	0
Weeksella	1	3	0	0	0	0	0	0	0	0	0	0	0	0	0	0	0	0	0	0	0	0	0	0	0	0	0	0	0
Bergeyella	1	1974	1	0	0	0	2	0	0	0	0	0	0	0	0	0	0	0	76	0	0	0	0	0	0	0	0	0	0
Gilvibacter	1	49	0	0	0	0	0	0	0	0	0	0	0	0	0	0	0	0	0	0	0	0	0	0	0	0	0	0	0
Antarcticibacterium	1	0	0	0	0	0	0	0	0	0	0	0	0	0	0	0	0	0	0	0	0	0	0	0	0	0	0	0	0
Sediminicola	1	0	0	0	1	0	0	0	0	0	0	0	0	0	0	0	0	0	0	0	0	0	0	0	0	0	0	0	0
Aequorivita	1	1	0	0	7	0	0	0	0	0	0	0	0	0	0	0	0	0	0	0	0	0	0	0	0	0	1	0	0
Zobellia	1	0	0	0	0	0	0	0	0	0	0	0	0	0	0	0	0	0	0	0	0	0	0	0	0	0	0	0	0
Apibacter	1	15	0	0	0	0	0	0	0	0	0	0	0	0	0	13	0	0	6	0	0	0	0	0	0	0	0	0	0
Blattabacterium	11	0	0	0	0	0	0	0	0	0	0	0	0	0	0	0	0	0	0	0	0	0	0	0	0	0	0	0	0
CandidatusSulcia	6	6	0	9	45	1	0	0	0	0	0	0	0	5	0	1	0	0	1	0	0	0	0	0	0	0	0	0	0
Ichthyobacterium	2	2	0	0	0	0	0	0	0	0	0	0	0	0	0	0	0	0	0	0	0	0	0	0	0	0	0	0	0
Fluviicola	1	0	0	0	0	0	0	0	0	0	0	0	0	0	0	0	0	0	0	0	0	0	0	0	0	0	0	0	0
Porphyromonas	73	537666	42	693	69	23	54	26	0	3	0	0	0	8	25	37	25	20	385	0	0	0	0	13	54	462	0	1	0
Fermentimonas	4	67	0	0	1	1	0	0	0	0	0	0	0	0	0	0	0	0	0	0	0	0	0	0	0	0	0	0	0
Bacteroides	67	50351	9	228434	1087559	2146830	42	17429	10142	5149	4663	6434	2081	150955	4127198	2611871	2247415	1427634	510	29049	18669	19540	3470	68522	11736	32778	4	1	1
Prevotella	27	77468	2511	2101	274	527	3923	0	0	12834	18543	8550	11637	63	599	425	487	298	32408	2	0	0	0	7	9	64	810	53053	295
Paraprevotella	2	155	0	5	109	2480	0	0	0	19	40	12	7	20	2258	1515	2410	1950	0	0	0	0	0	0	1	0	0	0	0
Tannerella	12	215205	38	6	62	482	166	0	0	0	0	0	0	6	742	748	453	146	70	0	0	0	0	0	0	0	0	5	3
Parabacteroides	3	5564	0	1796	8341	35142	2	0	0	0	0	0	48	1306	51887	81954	44803	16183	30	0	0	0	0	0	0	0	0	0	0
Butyricimonas	4	129	0	1942	17284	7277	0	0	0	1	2	3	3	2041	12995	10365	15151	4460	0	0	0	0	0	2	1	70	0	0	0
Odoribacter	2	353	3	936	14300	32816	1	1	0	225	128	399	84	2623	53169	30742	16959	23445	7	1	0	1	0	515	91	166	0	0	0
Mucinivorans	3	530	0	4	101	11	0	0	0	0	0	0	0	16	11	18	17	2	2	0	0	0	0	0	0	0	0	0	0
Alistipes	1	889	0	8587	121513	591807	1	540	722	40	22	61	21	14210	574470	740330	1725383	2526552	174	1483	1818	2269	2742	4220	690	3562	0	0	0
Muribaculum	3	573	0	4	28	574	4	0	0	3	2	1	1	6	1448	938	679	447	0	1	0	0	0	1	0	0	0	4	0
CandidatusAzobacteroides	3	22	0	0	4	0	0	0	0	0	0	0	0	1	2	0	0	1	0	0	0	0	0	0	0	0	0	0	0
Paludibacter	3	2082	0	4	10	3	0	0	0	1	0	0	0	4	7	1	1	2	0	0	0	0	0	0	0	0	0	0	0
Proteiniphilum	1	128	0	1	64	0	0	0	0	0	0	0	0	3	2	1	0	1	0	0	0	1	0	0	0	0	0	0	0
Draconibacterium	2	7	0	0	0	0	0	0	0	0	0	0	0	0	0	0	0	0	0	0	0	0	0	0	0	0	0	0	0
Alkalitalea	3	0	0	0	19	3	0	0	0	0	0	0	0	4	0	2	0	0	0	0	0	0	0	0	0	0	0	0	0
Salinivirga	2	8	0	0	13	1	0	0	0	0	0	0	0	1	0	1	1	0	0	0	0	0	0	0	0	0	0	0	0
Labilibaculum	1	42	0	0	7	0	0	0	0	1	0	0	0	1	0	0	0	0	0	0	0	0	0	0	0	0	0	1	0
Spirosoma	36	11	0	443	1359	0	0	3	1	4	2	2	0	472	1	3	3	0	3	0	1	1	0	4468	683	329	0	0	0
Rhodocytophaga	9	4	0	0	0	0	0	0	0	0	0	0	0	0	0	0	0	0	0	0	0	0	0	0	0	0	0	0	0
Runella	7	3	0	0	2	0	0	0	0	0	0	0	0	2	5	1	0	0	0	0	0	0	0	0	0	0	0	0	0
Arcticibacterium	4	0	0	0	0	0	0	0	0	0	0	0	0	0	0	0	0	0	0	0	0	0	0	0	0	0	0	0	0
Dyadobacter	3	0	0	0	0	13	0	0	0	0	0	0	0	0	4	7	2	1	0	0	0	0	0	0	0	0	0	0	0
Allopseudarcicella	2	0	0	3	23	0	0	0	0	0	0	0	0	1	0	0	0	0	0	0	0	0	0	0	0	0	0	0	0
Cytophaga	2	80	0	0	0	0	0	0	0	0	0	0	0	0	0	0	0	2	0	0	0	0	0	0	0	0	0	0	0
Fibrella	2	1	0	0	0	0	0	0	0	0	0	0	0	0	0	0	0	0	0	0	0	0	0	0	0	0	0	0	0
Leadbetterella	1	0	0	0	0	0	0	0	0	0	0	0	0	0	0	0	3	0	0	0	0	0	0	0	0	0	0	0	0
Hymenobacter	19	9	0	0	4	3	1	0	0	0	0	0	0	0	1	2	2	1	0	0	0	0	0	0	0	0	0	0	0
Pontibacter	17	1	0	4	0	0	0	0	0	0	0	0	0	0	0	0	0	2	0	0	0	0	0	0	0	0	0	0	0
Rufibacter	6	0	0	0	0	0	0	0	0	0	0	0	0	0	1	0	0	0	0	0	0	0	0	0	0	0	0	0	0
Echinicola	8	0	0	0	0	0	0	0	0	0	0	0	0	0	0	0	0	0	0	0	0	0	0	0	0	0	0	0	0
Cyclobacterium	6	5	0	0	5	0	0	0	0	0	0	0	0	1	0	0	0	0	0	0	0	0	0	0	0	0	0	0	0
Aquiflexum	3	0	0	0	0	0	0	0	0	0	0	0	0	0	0	0	0	0	0	0	0	0	0	0	0	0	0	0	0
Belliella	2	0	0	1	0	0	0	0	0	0	0	0	0	0	0	0	0	0	0	0	0	0	0	0	0	0	0	0	0
Algoriphagus	1	2	0	2	52	0	0	0	0	0	0	0	0	1	3	0	0	0	2	0	0	0	0	2	0	0	0	0	0
Flammeovirga	7	0	0	0	17	0	0	0	0	0	0	0	0	34	0	0	0	0	0	0	0	0	0	0	0	0	0	0	0
Fabibacter	5	2	0	0	1	0	0	0	0	0	0	0	0	0	0	0	0	0	0	0	0	0	0	0	0	0	0	0	0
Marivirga	4	2	0	0	0	0	0	0	0	0	0	0	0	0	0	0	0	0	0	0	0	0	0	0	0	0	0	0	0
Bernardetia	7	1	0	1	20	0	0	0	0	0	0	1	0	2	0	0	0	0	0	0	0	0	0	0	0	0	0	0	0
Chryseolinea	1	2	0	0	0	0	0	0	0	0	0	0	0	0	0	0	0	0	0	0	0	0	0	0	0	0	0	0	0
CandidatusCardinium	1	0	0	0	16	0	0	0	0	0	0	0	0	5	0	0	0	0	0	0	0	0	0	0	0	0	0	0	0
Pedobacter	34	21	0	0	0	0	0	0	0	0	0	0	0	0	0	0	0	0	15	0	0	0	0	0	0	0	0	0	0
Mucilaginibacter	22	6	0	0	1	0	0	0	0	0	0	0	0	0	7	4	2	0	0	0	0	0	0	0	0	0	0	0	0
Sphingobacterium	20	106	0	0	2	0	0	0	0	0	0	0	0	0	0	0	0	0	0	1	0	0	0	0	0	0	0	0	0
Pseudopedobacter	1	0	0	2	10	29	0	0	0	0	2	0	2	6	26	25	5	2	0	0	0	0	0	6	2	0	0	4	0
Chitinophaga	19	210	0	0	0	0	0	0	0	0	0	0	0	0	0	0	0	0	0	0	0	0	0	0	0	0	0	0	0
Arachidicoccus	8	2	0	0	6	0	0	0	0	0	0	0	0	1	0	0	1	0	0	0	0	0	0	0	0	0	0	0	0
Flavisolibacter	6	0	0	1	15	0	0	0	0	0	0	0	0	2	0	0	0	0	0	0	0	0	0	0	0	0	0	0	0
Niastella	5	0	0	0	0	0	0	0	0	0	0	0	0	0	0	0	0	0	0	0	0	0	0	0	0	0	0	0	0
Niabella	5	2	0	44	272	1	0	4	4	4	0	5	2	46	0	0	1	0	0	9	5	10	5	223	8	6	0	0	0
Paraflavitalea	4	0	0	0	1	0	0	0	0	0	0	0	0	0	0	0	0	0	0	0	0	0	0	0	0	0	0	0	0
Pseudobacter	3	0	0	0	0	1	0	0	0	0	0	0	0	0	0	0	4	0	0	0	0	0	0	0	0	0	0	0	0
Filimonas	2	1	0	0	0	0	0	0	0	0	0	0	0	0	0	0	0	0	0	0	0	0	0	0	0	0	0	0	0
Panacibacter	1	37	0	0	0	0	0	0	0	0	0	0	0	0	0	0	0	0	0	0	0	0	0	0	0	0	0	0	0
Rhodothermus	2	0	0	1	6	0	0	0	0	0	0	0	0	2	0	3	0	0	0	0	0	0	0	0	0	1	0	0	0
Salinibacter	2	2	0	0	0	1	0	0	0	0	0	0	0	0	1	0	1	0	0	0	0	0	0	0	0	0	0	0	0
Saprospira	2	1	0	0	0	0	0	0	0	0	0	0	0	0	0	0	0	0	0	0	0	0	0	0	0	0	0	0	0
Chlorobium	4	45	0	0	0	0	0	0	0	0	0	0	0	0	2	0	0	0	0	0	0	0	0	0	0	0	0	0	0
Pelodictyon	3	1	0	0	0	0	0	0	0	0	0	0	0	0	0	0	0	0	0	0	0	0	0	0	0	0	0	0	0
Chlorobaculum	3	2	0	0	0	0	0	0	0	0	0	0	0	0	0	0	1	0	0	0	0	0	0	0	0	0	0	0	0
Prosthecochloris	1	17	0	0	151	0	0	0	0	0	0	0	0	0	0	0	0	1	4	0	0	0	0	0	0	0	0	0	0
Chloroherpeton	1	0	0	0	6	0	0	0	0	0	0	0	0	0	0	0	0	0	0	0	0	0	0	0	0	0	0	0	0
Melioribacter	4	0	0	578	1243	0	0	0	0	1	0	0	0	192	0	0	0	0	0	0	0	0	0	5	1	1	0	0	0
Ignavibacterium	3	0	0	0	2	0	0	0	0	0	0	0	1	1	0	0	0	0	0	0	0	0	0	0	0	0	0	1	0
CandidatusCyclonatronum	2	0	0	0	0	0	0	0	0	0	0	0	0	0	0	0	0	0	0	0	0	0	0	0	0	0	0	0	0
Gemmatirosa	10	36	0	1	2	0	0	0	0	0	0	0	0	3	0	0	0	0	0	0	0	0	0	5	0	0	0	0	0
Gemmatimonas	1	6	0	0	3	0	0	0	0	0	0	1	0	0	0	0	0	0	0	0	0	0	0	0	0	0	0	0	0
Fibrobacter	2	0	0	13	42	9	0	3	1	1	1	0	0	19	4	1	3	5	0	1	3	1	0	37	6	1	0	0	0
Leptospira	1108	2	0	3	8	0	0	0	0	0	0	0	1	1	0	0	0	0	0	0	0	0	0	0	0	0	0	0	0
Treponema	24	118747	2	1	1	57	2	0	0	0	0	0	0	0	15	16	31	54	10	0	0	0	0	0	0	0	0	0	1
Spirochaeta	8	10	0	0	0	0	0	0	0	0	0	0	1	0	1	0	0	0	0	0	0	0	0	0	0	0	0	0	0
Oceanispirochaeta	4	0	0	0	1	0	0	0	0	0	0	0	0	0	0	0	0	0	0	0	0	0	0	0	0	0	0	0	0
Sphaerochaeta	4	1	0	0	0	0	0	0	0	0	0	0	0	0	0	0	0	0	0	0	0	0	0	0	0	0	0	0	0
Sediminispirochaeta	2	0	0	2	5	0	0	0	0	0	0	0	0	0	0	0	0	0	0	0	0	0	0	0	0	0	0	1	0
Borrelia	24	0	0	0	0	0	0	0	0	0	0	1	0	0	0	0	0	0	0	0	0	0	0	0	0	0	0	0	0
Borreliella	15	0	0	0	0	0	0	0	0	0	0	0	0	0	0	0	0	0	0	0	0	0	0	0	0	0	0	0	0
Brachyspira	25	0	0	0	0	0	0	0	0	0	0	0	0	0	0	0	0	1	0	0	0	0	0	0	0	0	0	0	0
Bremerella	8	1	0	1	143	0	0	0	0	0	0	0	0	0	0	0	0	0	0	0	0	0	0	1	0	0	0	0	0
Planctomyces	4	0	0	1	0	0	0	0	0	0	0	0	0	0	0	0	0	0	0	0	0	0	0	0	0	0	0	0	0
Planctopirus	2	0	0	0	0	1	0	0	0	0	0	0	0	0	0	0	2	4	0	0	0	0	0	0	0	0	0	0	0
Rubinisphaera	1	0	0	0	9	0	0	0	0	0	0	0	0	0	0	0	0	0	0	0	0	0	0	0	0	0	0	0	0
Fuerstia	1	22	0	0	0	0	0	0	0	0	0	0	0	0	0	0	0	1	0	0	0	0	0	0	0	0	0	0	0
Gemmata	9	11	0	0	0	0	0	0	0	0	0	0	0	0	0	0	0	0	0	0	0	0	0	0	0	0	0	0	0
Roseimaritima	3	0	0	0	0	0	0	0	0	0	0	0	0	0	0	0	0	0	0	0	0	0	0	0	0	0	0	0	0
Pirellula	1	1	0	0	0	0	0	0	0	0	0	0	0	0	0	0	0	0	0	0	0	0	0	0	0	0	0	0	0
Bythopirellula	1	0	0	0	0	0	0	0	0	0	0	0	0	0	0	0	0	0	0	0	0	0	0	0	0	0	0	0	0
Thermogutta	1	0	0	0	0	0	0	0	0	0	0	0	0	0	0	0	0	0	0	0	0	0	0	0	0	0	0	0	0
Aquisphaera	4	4	0	0	0	0	3	0	0	0	0	1	0	0	0	0	0	0	13	0	0	0	0	0	0	0	0	0	0
Paludisphaera	3	0	0	0	0	0	0	0	0	0	0	0	0	0	0	0	0	0	0	0	0	0	0	0	0	0	0	0	0
Singulisphaera	1	0	0	0	0	2	0	0	0	0	0	0	0	0	0	1	1	0	0	0	0	0	0	0	0	0	0	0	0
Limihaloglobus	6	2	0	0	0	0	0	0	0	0	0	0	0	0	0	0	0	0	0	0	0	0	0	0	0	0	0	0	0
Sedimentisphaera	1	0	0	0	0	0	0	0	0	0	0	0	0	0	0	0	0	0	0	0	0	0	0	0	0	0	0	0	0
Anaerohalosphaera	3	0	0	0	0	0	0	0	0	0	0	0	0	0	0	0	0	0	0	0	0	0	0	0	0	0	0	0	0
Phycisphaera	3	0	0	0	0	0	0	0	0	0	0	0	0	0	0	0	0	0	0	0	0	0	0	0	0	0	0	0	0
CandidatusKuenenia	6	1	0	0	1	0	0	0	0	0	0	0	0	1	0	0	0	0	0	0	0	0	0	0	0	0	0	0	0
CandidatusProtochlamydia	8	0	0	0	0	0	0	0	0	0	0	0	0	0	0	0	0	0	0	0	0	0	0	0	0	0	0	0	0
Neochlamydia	2	0	0	0	0	0	0	0	0	0	0	0	0	0	0	0	0	0	0	0	0	0	0	0	0	0	0	0	0
Parachlamydia	1	0	0	0	87	0	0	0	0	0	0	0	0	0	0	0	0	0	0	0	0	0	0	0	0	0	0	0	0
Simkania	1	0	0	2	57	0	0	0	0	1	0	0	0	0	0	0	0	0	0	0	0	0	0	0	1	2	0	0	0
Chlamydia	9	14	0	0	1	0	0	0	0	0	0	0	0	0	0	0	0	0	0	0	0	0	0	0	0	0	0	0	0
Roseimicrobium	3	0	0	4	27	0	0	0	0	0	0	0	0	2	1	0	0	0	0	0	0	0	0	0	2	0	0	0	0
Akkermansia	2	4	0	17741	173437	9163	0	5	6	0	0	0	0	8778	2873	3445	8556	19785	0	6	26	30	87	38	8	0	0	0	0
Opitutus	2	0	0	0	0	1	0	0	0	0	0	0	0	0	0	0	0	1	0	0	0	0	0	0	0	0	0	0	0
Lacunisphaera	1	0	0	0	0	0	0	0	0	0	0	0	0	0	0	0	0	0	0	0	0	0	0	0	0	0	0	0	0
Nibricoccus	1	0	0	0	0	0	0	0	0	0	0	0	0	0	0	0	0	0	0	0	0	0	0	0	0	0	0	0	0
Methylacidiphilum	2	0	0	0	0	0	0	0	0	0	0	0	0	0	0	0	0	0	0	0	0	0	0	0	0	0	0	0	0
Kiritimatiella	1	809	0	2	10	0	0	0	3	0	0	0	0	3	0	0	0	0	0	0	0	0	0	2	1	0	0	2	0
Fusobacterium	108	60536	1657	0	6	0	503	0	0	0	159	223	0	0	0	0	0	15	22602	0	0	0	0	0	0	0	245	8597	423
Ilyobacter	1	0	0	0	0	0	0	0	0	0	0	0	0	0	0	0	0	0	0	0	0	0	0	0	0	0	0	0	0
Leptotrichia	30	6558	140	0	0	0	42	0	0	0	0	0	0	0	0	0	1	0	1326	0	0	0	0	0	0	0	30	949	26
Sneathia	5	270	0	0	0	0	0	0	0	0	0	0	0	0	0	0	0	1	0	0	0	0	0	0	0	0	0	0	0
Streptobacillus	3	133	1	0	0	0	0	0	0	0	0	0	0	0	0	0	0	0	0	0	0	0	0	0	0	0	0	0	0
Sebaldella	1	5	0	0	0	0	0	0	0	0	0	0	0	0	0	0	0	0	1	0	0	0	0	0	0	0	0	0	0
Thermotoga	52	0	0	0	7	0	0	0	0	0	0	0	0	0	0	0	0	0	0	0	0	0	0	0	0	0	0	0	0
Pseudothermotoga	1	0	0	5	76	0	0	0	0	1	0	0	0	2	0	0	0	0	0	0	0	1	0	0	0	0	0	0	0
Thermosipho	8	0	0	0	0	0	0	0	0	0	0	0	0	0	0	0	0	0	0	0	0	0	0	0	0	0	0	0	0
Fervidobacterium	1	0	0	0	0	0	0	0	0	0	0	0	0	0	0	0	0	0	0	0	0	0	0	0	0	0	0	0	0
Defluviitoga	5	0	0	0	0	0	0	0	0	0	1	0	0	0	0	0	0	0	0	0	0	0	0	0	0	0	0	0	0
Petrotoga	1	2	0	3	24	0	0	0	0	1	1	1	0	1	2	0	0	0	0	0	0	0	0	0	0	0	0	0	0
Calditerrivibrio	6	0	0	0	0	0	0	0	0	0	1	0	0	0	1	0	1	1	0	0	0	0	0	10	0	7	0	0	0
Deferribacter	5	0	0	3	3	0	0	0	0	0	0	0	0	1	0	0	0	0	0	0	0	0	0	0	0	0	0	0	0
Geovibrio	4	0	0	0	0	0	0	0	0	0	0	0	0	0	0	0	0	0	0	0	0	0	0	0	0	0	0	0	0
Flexistipes	2	0	0	0	6	0	0	0	0	0	0	0	0	2	1	0	0	0	0	0	0	0	0	0	0	0	0	0	0
Aminobacterium	4	1	0	19	184	0	0	1	2	2	0	3	0	14	0	1	0	1	0	0	2	2	3	3	1	0	0	0	0
Thermanaerovibrio	2	82	0	0	1	0	0	0	0	0	0	0	0	0	2	0	1	0	0	0	0	0	0	0	0	0	0	0	0
Thermovirga	1	340	0	0	0	0	0	0	0	0	0	0	0	0	0	0	0	0	0	0	0	0	0	0	0	0	0	0	0
Cloacibacillus	1	59	0	0	1	161	0	0	0	1	0	0	0	1	69	90	169	193	0	0	0	0	0	0	0	0	0	0	0
Jonquetella	1	0	0	0	0	6	0	0	0	0	0	0	0	0	2	0	1	10	0	0	0	0	0	0	0	0	0	0	0
Acetomicrobium	1	3	0	3	30	0	0	0	0	0	0	0	0	2	0	0	0	0	0	0	0	0	0	0	0	0	0	0	0
Sulfurihydrogenibium	4	0	0	0	0	0	0	0	0	0	0	0	0	0	0	0	0	0	0	0	0	0	0	0	0	0	0	0	0
Thermocrinis	2	0	0	0	0	0	0	0	0	0	0	0	0	0	0	0	0	0	0	0	0	0	0	0	0	0	0	0	0
Hydrogenobacter	1	0	0	0	0	0	0	0	0	0	0	0	0	0	0	0	0	0	0	0	0	0	0	0	0	0	0	0	0
Thermosulfidibacter	1	0	0	0	0	0	0	0	0	0	0	0	0	0	0	0	0	0	0	0	0	0	0	0	0	0	0	0	0
Thermovibrio	2	0	0	0	0	0	0	0	0	0	0	0	0	0	0	0	0	1	0	0	0	0	0	0	0	0	0	0	0
Desulfurobacterium	2	0	0	0	0	0	0	0	0	0	0	0	0	0	0	0	0	0	0	0	0	0	0	0	0	0	0	0	0
Terriglobus	5	0	0	1	0	0	0	0	0	0	0	0	0	0	0	0	0	0	0	0	0	0	0	0	0	0	0	0	0
Granulicella	2	26	0	0	0	0	0	0	0	0	0	0	0	0	0	0	0	0	0	0	0	0	0	0	0	0	0	0	0
Acidisarcina	1	0	0	1	0	0	0	0	0	0	0	0	0	0	0	0	0	0	0	0	0	0	0	0	0	0	0	0	0
CandidatusSolibacter	1	0	0	1	3	0	0	0	0	0	0	0	1	1	0	0	0	0	0	0	0	0	0	0	0	0	0	0	0
Luteitalea	1	313	0	0	1	0	0	0	0	0	1	0	0	0	0	0	0	1	0	0	0	0	0	0	0	0	0	0	0
Chloracidobacterium	1	15	0	4	1	0	0	0	0	0	0	0	0	0	0	0	0	0	0	0	0	0	0	0	0	0	0	0	0
Thermodesulfatator	3	0	0	0	1	0	0	0	0	0	0	0	0	0	0	0	0	0	0	0	0	0	0	0	0	0	0	0	0
Caldimicrobium	2	0	0	0	0	0	0	0	0	0	0	0	0	0	0	0	0	0	0	0	0	0	0	0	0	0	0	0	0
Thermodesulfobacterium	2	0	0	0	16	0	0	0	0	0	0	0	0	0	0	0	0	0	0	0	0	0	2	0	0	0	0	0	0
Dictyoglomus	4	0	0	0	0	0	0	0	0	0	0	0	0	0	0	0	0	0	0	0	0	0	0	0	0	0	0	0	0
Nitrospira	2	218	0	0	0	1	0	0	0	0	0	0	0	0	2	0	0	1	0	0	0	0	0	0	0	0	0	0	0
Thermodesulfovibrio	2	0	0	0	0	0	0	0	0	1	0	0	0	1	0	0	0	0	0	0	0	0	0	0	0	0	0	0	0
CandidatusBabela	2	0	0	0	0	0	0	0	0	0	0	0	0	0	0	0	0	0	0	0	0	0	0	0	0	0	0	0	0
Caldithrix	3	0	0	1	0	0	0	0	0	0	0	0	0	0	0	0	0	0	0	0	0	0	0	0	0	0	0	0	0
Endomicrobium	1	0	0	0	0	0	0	0	0	0	0	0	0	0	0	0	0	0	0	0	0	0	0	0	0	0	0	0	0
Elusimicrobium	1	0	0	5	36	0	0	0	0	4	1	3	5	2	0	0	0	0	0	0	0	0	0	1	1	0	0	0	0
Caldisericum	1	0	0	0	1	0	0	0	0	0	0	0	0	0	0	0	0	0	0	0	0	0	0	0	0	0	0	0	0
Gammaretrovirus	5398	3919	0	0	0	0	0	0	0	0	0	0	0	0	0	0	0	0	0	0	0	0	0	0	0	0	0	0	0
Jiaodavirus	1	0	0	0	0	0	0	0	0	0	0	0	0	0	0	0	0	0	0	0	0	0	0	0	0	0	0	0	0
Jilinvirus	1	0	0	0	0	0	0	0	0	0	0	0	0	0	0	0	0	0	0	0	0	0	0	0	0	0	0	0	0
Ionavirus	1	0	0	0	0	0	0	0	0	0	0	0	0	0	0	0	0	0	0	0	0	0	0	0	0	0	0	0	0
Agatevirus	1	0	0	0	0	0	0	0	0	0	0	0	0	0	0	0	0	0	0	0	0	0	0	0	0	0	0	0	0
Bequatrovirus	1	0	0	0	0	0	0	0	0	0	0	0	0	0	0	0	0	0	0	0	0	0	0	0	0	0	0	0	0
Pecentumvirus	1	0	0	0	0	0	0	0	0	0	0	0	0	0	0	0	0	0	0	0	0	0	0	0	0	0	0	0	0
Okubovirus	1	0	0	0	0	0	0	0	0	0	0	0	0	0	0	0	0	0	0	0	0	0	0	0	0	0	0	0	0
Pahexavirus	2	0	0	0	0	0	11	0	0	0	0	0	0	0	0	0	0	0	0	0	0	0	0	0	0	0	0	0	0
Brujitavirus	1	0	0	0	0	0	0	0	0	0	0	0	0	0	0	0	0	0	0	0	0	0	0	0	0	0	0	0	0
Tunavirus	1	0	0	0	0	0	0	0	0	0	0	0	0	0	0	0	0	0	0	0	0	0	0	0	0	0	0	0	0
Rhadinovirus	4	0	0	0	0	0	0	0	0	0	0	0	0	0	0	0	0	0	0	0	0	0	0	0	0	0	0	0	0
Percavirus	1	0	0	0	0	0	0	0	0	0	0	0	0	0	0	0	0	0	0	0	0	0	0	0	0	0	0	0	0
Simplexvirus	2	0	0	0	0	0	0	0	0	0	0	0	0	0	0	0	0	0	0	0	0	0	0	0	0	0	0	0	0
Scutavirus	1	0	0	0	0	0	0	0	0	0	0	0	0	0	0	0	0	0	0	0	0	0	0	0	0	0	0	0	0
Roseolovirus	2	0	0	0	0	0	0	0	0	0	0	0	0	0	0	0	0	0	3	0	0	0	0	0	0	0	0	0	0
Orthobunyavirus	5	0	0	0	0	0	0	0	0	0	0	0	0	0	0	0	0	0	0	0	0	0	0	0	0	0	0	0	0
Emaravirus	1	0	0	0	0	0	0	0	0	0	0	0	0	0	0	0	0	0	0	0	0	0	0	0	0	0	0	0	0
Deltaflexivirus	2	0	0	0	0	0	0	0	0	0	0	0	0	0	0	0	0	0	0	0	0	0	0	0	0	0	0	0	0
Bymovirus	1	0	0	0	0	0	0	0	0	0	0	0	0	0	0	0	0	0	0	0	0	0	0	0	0	0	0	0	0
Betabaculovirus	5	0	0	0	0	0	0	0	0	0	0	0	0	0	0	0	0	0	0	0	0	0	0	0	0	0	0	0	0
Alphabaculovirus	1	0	0	0	0	0	0	0	0	0	0	0	0	0	0	0	0	0	0	0	0	0	0	0	0	0	0	0	0
Pandoravirus	1	0	0	0	0	0	0	0	0	0	0	0	0	0	0	0	0	0	0	0	0	0	0	0	0	0	0	0	0
Mimivirus	4	0	0	0	0	0	0	0	0	0	0	0	0	0	0	0	0	0	0	0	0	0	0	0	0	0	0	0	0
Avipoxvirus	2	0	0	0	0	0	0	0	0	0	0	0	0	0	0	0	0	0	0	0	0	0	0	0	0	0	0	0	0
Yatapoxvirus	1	0	0	0	0	0	0	0	0	0	0	0	0	0	0	0	0	0	0	0	0	0	0	0	0	0	0	0	0
Coccolithovirus	2	0	0	0	0	0	0	0	0	0	0	0	0	0	0	0	0	0	0	0	0	0	0	0	0	0	0	0	0
Chlorovirus	1	0	0	0	0	0	0	0	0	0	0	0	0	0	0	0	0	0	0	0	0	0	0	0	0	0	0	0	0
Prymnesiovirus	1	0	0	0	0	0	0	0	0	0	0	0	0	0	0	0	0	0	0	0	0	0	0	0	0	0	0	0	0
Ichnovirus	4	0	0	0	0	0	0	0	0	0	0	0	0	0	0	0	0	0	0	0	0	0	0	0	0	0	0	0	0
Betanudivirus	2	1	0	0	0	0	0	0	0	0	0	0	0	0	0	0	0	0	0	0	0	0	0	0	0	0	0	0	0
Marseillevirus	2	0	0	0	0	0	0	0	0	0	0	0	0	0	0	0	0	0	0	0	0	0	0	0	0	0	0	0	0
Chloriridovirus	1	0	0	0	0	0	0	0	0	0	0	0	0	0	0	0	0	0	0	0	0	0	0	0	0	0	0	0	0
Ascovirus	1	0	0	0	0	0	0	0	0	0	0	0	0	0	0	0	0	0	0	0	0	0	0	0	0	0	0	0	0
Betatorquevirus	1	0	0	0	0	0	0	0	0	0	0	0	0	0	0	0	0	0	0	0	0	0	0	0	0	0	0	0	0
Changchengzhania	0	17	0	0	0	0	0	0	0	0	0	0	0	0	0	0	0	0	0	0	0	0	0	0	0	0	0	0	0
Petrimonas	0	90	0	17	3	9	0	0	0	0	0	1	2	0	13	7	3	7	0	0	0	0	0	0	0	0	0	0	0
Alloprevotella	0	7	2	56	121	0	8	0	0	7	5	3	18	45	1	1	1	0	0	2	0	18	0	1	1	2	0	62	0
Barnesiella	0	269	0	0	1	1438	0	0	0	31	44	46	6	0	3747	2029	2457	724	4	0	0	0	0	147	20	0	0	0	0
Nibribacter	0	41	0	0	0	0	0	0	0	0	0	0	0	0	0	0	0	0	0	0	0	0	0	0	0	0	0	0	0
CandidatusAmoebophilus	0	3	0	3	37	0	0	0	0	0	0	0	0	2	0	0	0	0	0	1	0	0	0	4	1	0	0	0	0
Persicobacter	0	2	0	0	0	0	0	0	0	0	0	0	0	0	0	0	0	0	0	0	0	0	0	0	0	0	0	0	0
Anseongella	0	19	0	0	1	0	0	0	0	0	0	0	0	0	0	0	0	0	0	0	0	0	0	0	0	0	0	0	0
Solitalea	0	2	0	0	0	0	0	0	0	0	0	0	0	0	0	0	0	0	0	0	0	0	0	0	0	0	0	0	0
CandidatusCloacimonas	0	2	0	1	1	0	0	0	0	3	0	1	0	0	0	0	0	0	0	0	0	0	0	0	0	0	0	0	0
Bibersteinia	0	3737	0	0	0	0	0	0	0	0	0	53	0	0	0	0	0	0	0	0	0	0	0	0	0	0	0	0	0
Otariodibacter	0	613	0	0	0	0	0	0	0	0	0	0	0	0	0	0	0	0	2	0	0	0	0	0	0	0	40	151	0
Gallibacterium	0	203	0	0	0	0	1	0	0	0	0	0	0	0	0	0	0	0	11	0	0	0	0	0	0	0	0	0	0
Thermomonas	0	2611	0	0	0	0	0	0	0	0	0	0	0	0	1	2	0	2	0	0	0	0	0	0	0	0	0	0	0
Arenimonas	0	510	0	0	0	0	0	0	0	0	0	0	0	0	0	0	0	1	0	0	0	0	0	0	0	0	0	0	0
Frateuria	0	3568	0	0	0	0	0	0	0	0	0	0	0	0	0	0	0	0	0	0	0	0	0	0	0	0	0	0	0
Dokdonella	0	3241	0	0	2	0	0	0	0	0	0	0	0	0	0	0	0	1	0	0	0	0	0	0	0	0	0	0	0
Ahniella	0	1803	0	0	0	0	0	0	0	0	0	0	0	0	2	2	0	0	0	0	0	0	0	0	0	0	0	0	0
Aerosticca	0	1118	0	0	0	0	0	0	0	0	0	0	0	0	0	0	0	0	0	0	0	0	0	0	0	0	0	0	0
Dichelobacter	0	10734	0	0	0	2	0	0	0	0	0	1	0	0	1	8	2	1	0	0	0	0	0	0	0	0	0	0	0
Oblitimonas	0	18	0	0	0	0	0	0	0	0	4	0	0	0	0	0	0	0	0	0	0	0	0	0	0	0	0	0	0
CandidatusDoolittlea	0	9	0	0	0	0	0	0	0	0	0	0	0	0	0	0	0	0	0	0	0	0	0	0	0	0	0	0	0
CandidatusHoaglandella	0	2	0	0	0	0	0	0	0	1	0	0	0	0	0	0	0	0	0	0	0	0	0	0	0	0	0	0	0
CandidatusMikella	0	1	0	0	0	0	0	0	0	0	0	0	0	0	0	0	0	0	0	0	0	0	0	0	0	0	0	0	0
Shigella	0	4	0	0	0	6	0	0	0	0	0	0	0	0	0	10	0	12239	0	0	0	0	3	0	0	0	0	0	0
Atlantibacter	0	3	0	0	0	0	0	0	0	0	0	0	0	0	0	0	0	4	0	0	0	0	0	0	0	0	0	0	0
Limnobaculum	0	1	0	0	0	0	0	0	0	0	0	0	0	0	0	0	0	0	0	0	0	0	0	0	0	0	0	0	0
CandidatusIshikawaella	0	1	0	0	0	0	0	0	0	0	0	0	0	0	0	0	0	0	0	0	0	0	0	0	0	0	0	0	0
CandidatusRiesia	0	1	0	0	0	0	0	0	0	0	0	0	0	0	0	0	0	0	0	0	0	0	0	0	0	0	0	0	0
Leminorella	0	6	0	0	0	0	0	0	0	0	0	0	0	0	0	0	0	0	0	0	0	0	0	0	0	0	0	0	0
Pragia	0	2	0	0	47	0	1	0	0	0	0	0	0	3	0	0	1	0	0	0	0	0	1	0	0	0	0	0	0
Halotalea	0	71	0	0	0	1	0	0	0	0	0	0	0	0	0	0	0	0	0	0	0	0	0	0	0	0	0	0	0
Salinicola	0	29	0	0	0	3	0	0	0	0	0	0	0	0	1	1	0	0	0	0	0	0	0	0	0	0	0	0	0
CandidatusPortiera	0	1	0	0	0	0	0	0	0	0	0	0	0	0	0	0	0	0	0	0	0	0	0	0	0	0	0	0	0
Chromohalobacter	0	12	0	0	0	0	0	0	0	0	0	0	0	0	0	0	0	0	0	0	0	0	0	0	0	0	0	0	0
Saccharospirillum	0	1081	0	1	1	0	0	0	0	0	0	0	0	0	0	0	0	0	0	0	0	0	0	0	0	0	0	0	0
Bacterioplanes	0	413	0	0	0	0	0	0	0	0	0	0	0	0	0	0	0	0	0	0	0	0	0	0	0	0	0	0	0
Thalassolituus	0	16	0	0	0	0	0	0	0	0	0	0	0	0	0	0	0	0	0	0	0	0	0	0	0	0	0	0	0
Oleiphilus	0	2	0	0	0	0	0	0	0	0	0	0	0	0	0	0	0	0	0	0	0	0	0	0	0	0	0	0	0
Spiribacter	0	715	0	0	3	1	0	0	0	0	0	0	0	0	0	0	0	0	0	0	0	0	0	0	0	0	0	0	0
Alkalilimnicola	0	213	0	0	0	0	0	0	0	0	0	0	0	0	0	0	0	0	0	0	0	0	0	0	0	0	0	0	0
Acidihalobacter	0	85	0	0	0	0	0	0	0	0	0	0	0	0	0	0	0	0	0	0	0	0	0	0	0	0	0	0	1
Thermochromatium	0	89	0	0	6	0	0	0	0	0	0	0	1	6	0	0	0	0	1	0	0	0	0	1	0	0	0	0	0
Sulfurivermis	0	239	0	0	0	0	0	0	0	0	0	0	0	0	0	0	0	0	0	0	0	0	0	0	0	0	0	0	0
Thiohalobacter	0	126	0	0	0	0	0	0	0	0	0	0	0	0	0	0	0	0	0	0	0	0	0	0	0	0	0	0	0
Guyparkeria	0	2	0	0	0	0	0	0	0	0	0	0	0	0	0	0	0	0	0	0	0	0	0	0	0	0	0	0	0
Saliniradius	0	9	0	0	0	0	0	0	0	0	0	0	0	0	0	0	0	0	0	0	0	0	0	0	0	0	0	0	0
Lacimicrobium	0	5	0	0	0	0	0	0	0	0	0	0	0	0	0	0	0	0	0	0	0	0	0	0	0	0	0	0	0
Sedimenticola	0	282	0	0	0	0	0	0	0	0	0	0	0	0	0	0	0	0	0	0	0	0	0	0	0	0	0	0	0
Thiolapillus	0	79	0	0	0	0	0	0	0	0	0	0	0	0	0	0	0	0	0	0	0	0	0	0	0	0	0	0	0
Pseudohongiella	0	9	0	0	0	0	0	0	0	0	0	0	0	0	0	0	0	0	0	0	0	0	0	0	0	0	0	0	0
CandidatusNardonella	0	2	0	0	5	0	0	0	0	0	0	0	0	0	0	0	0	0	0	0	0	0	0	0	0	0	0	0	0
Methylovulum	0	175	0	0	0	0	0	0	0	0	0	0	0	0	0	0	0	0	0	0	0	0	0	0	0	0	0	0	0
Zobellella	0	26	0	0	0	0	0	0	0	0	0	0	0	1	0	0	0	0	0	0	0	0	0	0	0	0	0	0	0
Halioglobus	0	109	0	0	2	0	0	0	0	0	0	0	0	0	0	0	0	0	1	0	0	0	0	0	0	0	0	0	0
Teredinibacter	0	43	0	0	0	0	0	0	0	0	0	0	0	0	0	0	0	0	0	0	0	0	0	0	0	0	0	0	0
Simiduia	0	27	0	0	0	0	0	0	0	0	0	0	0	0	0	0	0	0	0	0	0	0	0	0	0	0	0	0	0
Spongiibacter	0	8	0	0	0	0	0	0	0	0	0	0	0	0	0	0	0	0	0	0	0	0	0	0	0	0	0	0	0
Sinimarinibacterium	0	227	0	0	0	3	0	0	0	0	0	0	0	0	0	0	0	0	0	0	0	0	0	0	0	0	0	0	0
Immundisolibacter	0	410	0	0	0	0	0	0	0	0	0	0	0	0	0	1	1	0	0	0	0	0	0	0	0	0	0	0	0
Thiomicrospira	0	43	0	0	0	0	0	0	0	0	0	0	0	0	0	0	0	0	0	0	0	0	0	0	0	0	0	0	0
Thiomicrorhabdus	0	20	0	4	5	0	0	0	0	0	1	1	0	0	0	0	0	0	0	0	2	0	1	1	2	0	0	0	0
Thioploca	0	1	0	0	0	0	0	0	0	0	0	0	0	0	0	0	0	0	0	0	0	0	0	0	0	0	0	0	0
Diaphorobacter	0	25197	0	0	0	0	0	0	0	0	0	0	0	0	0	0	0	0	0	0	0	0	0	0	0	0	0	0	0
Serpentinomonas	0	10987	0	0	0	0	0	0	0	0	0	0	0	0	0	0	0	0	1	0	0	0	0	0	0	0	0	0	0
Pulveribacter	0	7369	0	0	0	0	0	0	0	0	0	0	0	0	0	0	0	0	0	0	0	0	0	0	0	0	0	0	0
Hylemonella	0	1219	0	0	0	0	0	0	0	0	0	0	0	0	0	0	0	0	0	0	0	0	0	0	0	0	0	0	0
Xylophilus	0	1896	0	0	0	0	0	0	0	0	0	0	0	0	0	0	0	0	0	0	0	0	0	0	0	0	0	0	0
Rhizobacter	0	299	0	0	0	0	0	0	0	0	0	0	0	0	0	0	0	0	0	0	0	0	0	0	0	0	0	0	0
Pusillimonas	0	696	0	0	0	0	0	0	0	0	0	0	0	0	0	0	0	0	0	0	0	0	0	0	0	0	0	0	0
Orrella	0	300	0	0	0	0	0	0	0	0	0	0	0	0	0	0	0	0	0	0	0	0	0	0	0	0	0	0	0
Taylorella	0	296	0	0	0	0	0	0	0	0	0	0	0	0	0	0	0	0	0	0	0	0	0	0	0	0	0	0	0
Kerstersia	0	146	0	0	0	0	0	0	0	0	0	0	0	0	0	0	0	0	0	0	0	0	0	0	0	0	0	0	0
Advenella	0	58	0	0	0	0	0	0	0	0	0	0	0	0	0	0	0	0	0	0	0	0	0	0	0	0	0	0	0
Oligella	0	3	0	0	2	0	0	0	0	0	0	0	0	0	0	0	0	0	0	0	0	0	0	0	0	0	0	0	0
Oxalobacter	0	76	0	19	1107	959	0	0	0	0	0	0	0	0	1	0	0	1432	0	0	0	0	0	0	0	0	0	0	0
Sutterella	0	93	0	1	2	0	0	0	0	2	1	0	1	0	6	2	2	4	0	0	0	0	0	2	0	0	0	0	0
Eikenella	0	6224	39	0	0	0	16	0	0	0	0	0	0	0	0	0	0	0	1167	0	0	0	0	0	0	0	50	312	0
Crenobacter	0	281	0	0	0	0	0	0	0	0	0	0	0	0	0	0	0	0	0	0	0	0	0	0	0	0	0	0	0
Simonsiella	0	103	4	0	0	0	4	0	0	0	0	0	0	0	0	0	0	0	13	0	0	0	0	0	0	0	1	4	0
Laribacter	0	395	0	0	1	0	0	0	0	0	3	0	0	1	0	0	0	0	0	0	0	0	0	0	6	0	0	0	0
Vogesella	0	345	0	0	0	0	0	0	0	0	0	0	0	0	0	1	1	1	0	0	0	0	0	0	0	0	0	0	0
Pseudogulbenkiania	0	246	0	0	0	0	0	0	2	0	0	0	0	0	0	0	0	0	0	0	0	0	0	0	0	0	0	0	0
Jeongeupia	0	231	0	1	7	0	0	0	0	0	3	0	0	0	0	0	0	0	0	0	0	0	0	0	0	0	0	0	0
Oryzomicrobium	0	223	0	1	3	1	0	0	0	0	0	0	0	0	0	0	0	0	0	0	0	0	0	0	0	0	0	0	0
Dechloromonas	0	398	0	0	0	0	0	0	0	0	0	0	0	0	0	0	2	0	0	0	0	0	0	0	0	0	0	0	0
Sterolibacterium	0	478	0	2	18	0	0	0	0	5	8	4	2	1	0	0	0	1	0	0	0	0	0	0	0	0	0	0	0
Sulfuritortus	0	2020	0	0	4	0	0	0	0	0	0	0	0	0	0	0	1	2	0	0	0	0	0	0	0	0	0	0	0
Sideroxydans	0	196	0	0	0	0	0	0	0	0	0	0	0	0	1	0	0	0	0	0	0	0	0	0	0	0	0	0	0
Gallionella	0	74	0	0	1	0	0	0	0	0	0	0	0	0	0	0	0	0	0	0	0	0	0	0	0	0	0	0	0
Ferriphaselus	0	3	0	0	1	0	0	0	0	0	0	0	0	0	0	0	0	0	0	0	0	0	0	0	0	0	0	0	0
Methylotenera	0	178	0	0	0	0	0	0	0	0	0	0	0	0	0	0	0	0	0	0	0	0	0	0	0	0	0	0	0
Methylovorus	0	43	0	0	0	0	0	0	0	0	0	0	0	0	0	0	1	0	0	0	0	0	0	0	0	0	0	0	0
CandidatusNasuia	0	4	0	2	3	0	0	0	0	0	3	0	0	0	0	0	0	0	0	0	0	0	0	0	0	0	0	1	0
CandidatusTremblaya	0	2	0	0	0	0	0	0	0	0	0	1	0	0	0	0	0	0	0	0	0	0	0	0	0	0	0	0	0
Lawsonia	0	1	0	0	0	12	0	0	0	0	0	0	0	0	12	24	12	15	0	0	0	0	0	0	0	0	0	0	0
Desulfotalea	0	173	0	0	6	0	0	0	0	0	0	0	0	0	0	0	0	0	0	0	0	0	0	0	0	0	0	0	0
Desulfurivibrio	0	22	0	0	0	1	0	0	0	0	0	0	0	0	0	0	0	1	0	0	0	0	0	0	0	0	0	0	0
Desulfococcus	0	27	0	0	3	2	0	0	0	0	0	0	0	0	0	0	7	5	1	0	0	0	0	0	0	0	0	0	0
Desulfatibacillum	0	1	0	0	0	0	0	0	0	0	0	0	0	0	0	0	0	0	0	0	0	0	0	0	0	0	0	0	0
Pajaroellobacter	0	7	0	0	0	0	0	0	0	0	0	0	0	0	0	0	0	0	0	0	0	0	0	0	0	0	0	0	0
Haliangium	0	21	0	0	3	1	0	0	0	0	0	1	0	0	0	0	1	3	0	0	0	0	0	0	0	0	0	0	0
Pelobacter	0	22	0	0	0	0	0	0	0	0	0	0	0	0	1	0	0	2	0	0	0	0	0	0	0	0	0	0	0
Syntrophus	0	27	0	0	0	0	0	0	0	0	0	0	0	0	0	0	0	1	0	0	0	0	0	0	0	0	0	0	0
Desulfarculus	0	2	0	0	0	0	0	0	0	0	0	0	0	0	1	0	0	0	0	0	0	0	0	1	0	0	0	0	0
Wolinella	0	64	0	5	11	0	0	0	0	0	0	0	0	0	0	0	0	0	0	0	0	0	0	0	0	0	0	0	0
Nordella	0	807	0	0	0	0	0	0	0	0	0	0	0	0	0	0	0	0	0	0	0	0	0	0	0	0	0	0	0
Hartmannibacter	0	11	0	0	0	0	0	0	0	0	0	0	0	0	0	0	0	0	0	0	0	0	0	0	0	0	0	0	0
Ensifer	0	5	0	3	1	0	0	0	0	0	0	1	0	0	2	0	2	1	0	0	0	0	0	0	0	0	0	0	0
Chelativorans	0	1	0	0	0	0	0	0	0	0	0	0	0	0	0	0	0	0	0	0	0	0	0	0	0	0	0	0	0
Brucella	0	59	0	0	0	0	0	0	0	0	0	0	0	0	0	0	0	0	0	0	0	0	0	0	0	0	0	0	0
Blastochloris	0	107	0	0	0	0	0	0	0	0	0	0	0	0	0	0	0	0	0	0	0	0	0	0	0	0	0	0	0
Devosia	0	20	0	0	0	1	0	0	0	0	0	0	0	0	0	0	0	0	0	0	0	0	0	0	0	0	0	0	0
Terasakiella	0	59	0	2	10	0	0	0	0	0	0	0	0	5	0	0	0	0	0	0	0	0	0	0	0	0	0	0	0
Beijerinckia	0	1	0	0	0	0	0	0	0	0	0	0	0	0	0	0	0	0	0	0	0	0	0	0	0	0	0	0	0
Breoghania	0	9	0	0	0	0	0	0	0	0	0	0	0	0	0	0	0	0	0	0	0	0	0	0	0	0	0	0	0
CandidatusPhaeomarinobacter	0	1	0	0	0	0	0	0	0	0	0	0	0	0	0	0	0	0	0	0	0	0	0	0	0	0	0	0	0
Boseongicola	0	105	0	0	0	0	0	0	0	0	0	0	0	0	0	0	0	0	0	0	0	0	0	0	0	0	0	0	0
Confluentimicrobium	0	34	0	0	0	0	0	0	0	0	0	0	0	0	0	0	0	0	0	0	0	0	0	0	0	0	0	0	0
Jannaschia	0	31	0	0	0	0	0	0	0	0	0	0	0	0	0	0	0	0	0	0	0	0	0	0	0	0	0	0	0
Antarctobacter	0	27	0	0	0	0	0	0	0	0	0	0	0	0	0	0	0	0	0	0	0	0	0	0	0	0	0	0	0
Rhodovulum	0	26	0	0	0	1	0	0	0	0	0	0	0	0	0	0	0	0	0	0	0	0	0	0	0	0	0	0	0
Roseibacterium	0	23	0	0	0	0	0	0	0	0	0	0	0	0	0	0	0	0	0	0	0	0	0	0	0	0	0	0	0
Oceanicola	0	22	0	0	0	0	0	0	0	0	0	0	0	0	0	0	0	0	2	0	0	0	0	0	0	0	0	0	0
Haematobacter	0	21	0	0	0	0	0	0	0	0	0	0	0	0	0	0	0	0	1	0	0	0	0	0	0	0	0	0	0
Marinovum	0	20	0	0	0	0	0	0	0	0	0	0	0	0	0	0	0	0	0	0	0	0	0	0	0	0	0	0	0
Thalassococcus	0	7	0	0	0	0	0	0	0	0	0	0	0	0	0	0	0	0	0	0	0	0	0	0	0	0	0	0	0
Brevirhabdus	0	4	0	0	0	0	0	0	0	0	0	0	0	0	0	0	0	0	0	0	0	0	0	0	0	0	0	0	0
Litoreibacter	0	2	0	0	0	0	0	0	0	0	0	0	0	0	0	0	0	0	0	0	0	0	0	0	0	0	0	0	0
Halovulum	0	1	0	0	0	1	0	0	0	0	0	0	0	0	0	0	2	1	0	0	0	0	0	0	0	0	0	0	0
Magnetospira	0	12	0	0	0	0	0	0	0	0	0	0	0	0	0	0	0	0	0	0	0	0	0	0	0	0	0	0	0
Tistrella	0	1	0	0	19	0	0	0	0	0	0	0	0	2	0	0	3	1	0	0	0	0	0	7	0	1	0	0	0
Pararhodospirillum	0	1	0	1	0	0	0	0	0	2	1	0	0	0	0	0	0	0	0	0	0	0	0	0	0	0	0	0	0
Acidibrevibacterium	0	197	0	0	0	0	0	0	0	0	0	0	0	0	0	0	0	0	0	0	0	0	0	0	0	0	0	0	0
Asaia	0	3	0	0	0	0	0	0	0	0	0	0	0	0	0	0	0	0	0	0	0	0	0	0	0	0	0	0	0
Stella	0	3	0	0	0	0	0	0	0	0	0	0	0	0	0	0	0	0	0	0	0	0	0	0	0	0	0	0	0
CandidatusPhycorickettsia	0	2	0	0	0	0	0	0	0	0	0	0	0	0	0	0	0	0	0	0	0	0	0	0	0	0	0	0	0
Magnetococcus	0	30	0	0	0	0	0	0	0	0	0	0	0	0	0	0	0	0	0	0	0	0	0	0	0	0	0	0	0
Anaerotignum	0	3	0	7686	40814	45	0	118	34	302	260	324	335	4019	94	32	43	16	1	95	108	116	7	1096	83	35	0	0	0
Fastidiosipila	0	191	0	791	3873	7	0	0	0	0	0	3	1	416	4	2	10	10	0	0	0	0	0	5	0	3	0	0	0
Massilistercora	0	147	0	0	0	3895	0	0	0	0	0	0	0	0	4190	3837	7295	2556	0	0	0	1	0	0	0	0	0	0	0
Flintibacter	0	90	0	3437	19754	5798	0	182	211	379	338	347	88	1566	7630	7590	9315	758	0	126	272	319	131	842	267	1535	0	0	0
Intestinimonas	0	19	0	0	0	23206	0	0	0	0	0	0	0	0	8719	8013	14238	30787	0	0	0	0	0	0	0	0	0	0	0
Syntrophomonas	0	1	0	4	15	0	0	0	0	5	6	1	1	6	0	2	2	0	0	1	1	0	0	2	0	0	0	0	0
CandidatusDesulforudis	0	15	0	0	1	3	0	0	0	0	0	1	0	0	1	4	0	0	0	0	0	0	0	0	0	0	0	0	0
Heliobacterium	0	4	0	0	0	0	0	0	0	0	0	0	0	0	1	0	0	0	0	0	0	0	0	0	0	0	0	0	0
Thermodesulfobium	0	4	0	0	0	0	0	0	0	0	0	0	0	0	0	0	0	0	0	0	0	0	0	0	0	0	0	0	0
Suicoccus	0	89	0	0	1	0	0	0	0	1	0	5	0	0	0	1	0	0	94	0	0	0	0	0	0	0	0	1	0
Salinicoccus	0	2	0	0	0	0	0	0	0	0	0	0	0	0	0	0	0	0	0	0	0	0	0	0	0	0	0	0	0
Lentibacillus	0	2	0	0	0	0	0	0	0	0	0	0	0	0	0	0	0	0	0	0	0	0	0	0	0	0	0	0	0
Gottschalkia	0	1	0	29	73	0	0	0	0	0	0	0	0	31	0	0	0	1	0	0	0	0	0	3	0	1	0	0	0
Faecalitalea	0	695	0	0	33	3585	0	0	0	7	1	1	6	0	2800	2641	4951	5941	0	0	0	0	0	0	0	0	0	0	0
Faecalibaculum	0	104	0	1211	1134	2	0	0	0	3092	1549	2102	979	651	5	5	1	11	0	0	0	0	165	850	0	0	0	0	0
Sporomusa	0	73	0	15	250	0	0	0	0	0	0	0	0	2	0	0	1	0	0	0	0	0	0	2	0	0	0	0	0
Ndongobacter	0	22	0	0	0	0	0	0	0	0	0	0	0	0	0	0	0	0	1	0	0	0	0	0	0	0	0	0	0
Hoyosella	0	119	0	0	0	0	0	0	0	0	0	0	0	0	2	1	0	1	0	0	0	0	0	0	0	0	0	0	0
Lawsonella	0	98	0	61	0	1	1	0	0	0	0	0	0	0	2	0	0	0	1	0	0	0	0	2	6	38	0	0	0
Segniliparus	0	1	0	0	0	0	0	0	0	0	0	0	0	0	0	1	0	0	8	0	0	0	0	0	0	0	0	0	0
Trueperella	0	382	0	0	0	24	0	0	0	0	0	0	0	0	18	21	36	21	50	0	0	0	0	0	0	0	0	0	0
Actinotignum	0	309	0	0	2	0	0	0	0	0	0	0	0	0	0	0	0	0	2	0	0	0	0	0	0	0	0	0	0
Flaviflexus	0	160	0	0	0	0	0	0	0	0	0	0	0	0	0	0	0	0	2	0	0	0	0	0	0	0	0	0	0
Mobiluncus	0	32	0	91	2	2	0	7	0	0	0	0	1	0	0	0	1	3	0	0	0	0	0	33	21	110	0	0	0
Actinobaculum	0	1	0	0	0	0	0	0	0	0	0	0	0	0	0	0	0	0	0	0	0	0	0	0	0	0	0	0	0
Diaminobutyricimonas	0	349	0	0	0	0	0	0	0	0	0	0	0	0	0	0	0	1	0	0	0	0	0	0	0	0	0	0	0
Leifsonia	0	215	0	0	0	0	0	0	0	0	0	0	0	0	0	0	0	0	0	0	0	0	0	0	0	0	0	0	0
Salinibacterium	0	207	0	0	0	0	0	0	0	0	0	0	0	0	0	0	0	0	0	0	0	0	0	0	0	0	0	0	0
Microcella	0	125	0	0	0	1	0	0	0	0	0	0	0	0	0	0	0	0	0	0	0	0	0	0	0	0	0	0	0
Cryobacterium	0	121	0	0	0	0	0	0	0	0	0	0	0	0	0	0	0	3	3	0	0	0	0	0	0	0	0	0	0
CandidatusAquiluna	0	84	0	20	0	0	3	0	0	0	0	0	0	0	0	0	0	0	0	0	0	0	0	0	0	0	0	0	0
Rhodoluna	0	7	0	0	0	0	0	0	0	0	0	0	0	0	0	0	0	0	1	0	0	0	0	0	0	0	0	0	0
Lysinimonas	0	87	0	0	0	0	0	0	0	0	0	0	0	0	0	0	0	0	0	0	0	0	0	0	0	0	0	0	0
Humibacter	0	62	0	0	0	0	0	0	0	0	0	0	0	0	0	0	0	0	0	0	0	0	0	0	0	0	0	0	0
Microterricola	0	54	0	0	0	1	0	0	0	0	0	0	0	0	0	0	3	0	0	0	0	0	0	0	0	0	0	0	0
Marisediminicola	0	50	0	0	0	0	0	0	0	0	0	0	0	0	0	0	0	0	0	0	0	0	0	0	0	0	0	0	0
Pontimonas	0	44	0	0	0	0	0	0	0	0	0	0	0	0	0	0	0	0	0	0	0	0	0	0	0	0	0	0	0
Gryllotalpicola	0	8	0	0	0	0	0	0	0	0	0	0	0	0	0	0	0	0	0	0	0	0	0	0	0	0	0	16	0
Zhihengliuella	0	160	0	0	0	0	0	0	0	0	0	0	0	0	0	0	0	0	2	0	0	0	0	0	0	0	0	0	0
Renibacterium	0	101	0	0	0	0	0	0	0	0	0	0	0	0	0	0	0	0	1	0	0	0	0	0	0	0	0	0	0
Psychromicrobium	0	44	0	0	0	0	0	0	0	0	0	0	0	0	0	0	0	0	0	0	0	0	0	0	0	0	0	0	0
Nesterenkonia	0	10	0	0	0	0	0	0	0	0	0	1	0	0	0	0	0	0	0	0	0	0	0	0	0	0	0	0	0
Sinomonas	0	7	0	0	0	0	0	0	0	0	0	0	0	0	0	0	4	2	2	0	0	0	0	0	0	0	0	0	0
Intrasporangium	0	51	0	0	0	0	0	0	0	0	0	0	0	0	0	0	0	0	0	0	0	0	0	0	0	0	0	0	0
Paraoerskovia	0	39	0	0	0	2	0	0	0	0	0	0	0	0	0	0	0	1	0	0	0	0	0	0	0	0	0	0	0
Pseudactinotalea	0	19	0	0	0	0	0	0	0	0	0	0	0	0	0	0	0	0	1	0	0	0	0	0	0	0	0	0	0
Xylanimonas	0	172	0	0	0	0	0	0	0	0	0	0	0	0	0	0	0	0	0	0	0	0	0	0	0	0	0	0	0
Xylanimicrobium	0	14	0	0	0	0	0	0	0	0	0	0	0	0	0	0	0	0	3	0	0	0	0	0	0	0	0	0	0
Ruania	0	438	0	0	0	0	0	0	0	0	0	0	0	0	0	0	1	0	1	0	0	0	0	0	0	0	0	0	0
Haloactinobacterium	0	38	0	0	0	0	0	0	0	0	0	0	0	0	0	0	0	0	1	0	0	0	0	0	0	0	0	0	0
Kytococcus	0	50	0	0	0	0	0	0	0	0	0	0	0	0	0	0	0	0	0	0	0	0	0	0	0	0	0	0	0
Luteipulveratus	0	9	0	0	0	0	0	0	0	0	0	0	0	0	0	0	0	0	0	0	0	0	0	0	0	0	0	0	0
Miniimonas	0	39	0	0	0	0	0	0	0	0	0	0	0	0	0	0	0	0	0	0	0	0	0	0	0	0	0	0	0
Beutenbergia	0	35	0	0	0	0	0	0	0	0	0	0	0	0	0	0	0	0	0	0	0	0	0	0	0	0	0	0	0
Sanguibacter	0	66	0	0	0	0	0	0	0	0	0	0	0	0	0	0	0	0	0	0	0	0	0	0	0	0	0	0	0
Austwickia	0	29	0	0	0	0	0	0	0	0	0	0	0	0	0	0	0	0	0	0	0	0	0	0	0	0	0	0	0
Dermatophilus	0	28	0	0	0	0	0	0	0	0	0	0	0	0	0	0	0	0	3	0	0	0	0	0	0	0	0	0	0
Pseudopropionibacterium	0	2191	110	0	0	0	1	0	0	0	0	0	0	0	0	0	1	0	14083	0	0	0	0	0	0	0	14	4	0
Acidipropionibacterium	0	560	0	0	0	0	0	0	0	0	0	0	0	0	0	0	0	2	0	0	0	0	0	0	0	0	0	0	0
Raineyella	0	95	0	0	0	0	0	0	0	0	0	0	0	0	0	0	0	0	0	0	0	0	0	0	0	0	0	0	0
Propionimicrobium	0	51	0	0	0	0	1	0	0	0	0	0	0	0	1	1	1	5	0	0	0	0	0	0	0	0	0	0	0
Friedmanniella	0	98	0	0	0	0	0	0	0	0	0	0	0	0	0	0	0	0	0	0	0	0	0	0	0	0	0	0	0
Pimelobacter	0	17	0	0	0	0	0	0	0	0	0	0	0	0	0	0	1	0	0	0	0	0	0	0	0	0	0	0	0
Actinopolymorpha	0	5	0	0	0	1	0	0	0	0	0	0	0	0	0	0	0	0	0	0	0	0	0	0	0	0	0	0	0
Thermomonospora	0	92	0	0	0	0	0	0	0	0	0	0	0	0	0	0	0	0	0	0	0	0	0	0	0	0	0	0	0
Thermobifida	0	18	0	0	0	0	0	0	0	0	0	0	0	0	0	0	0	0	0	0	0	0	0	0	0	0	0	0	0
Saccharopolyspora	0	29	0	0	0	0	0	0	0	0	0	0	0	0	0	0	0	0	0	0	0	0	0	0	0	0	0	0	0
Parascardovia	0	3	0	0	0	0	0	0	0	0	0	0	0	0	0	0	0	0	0	0	0	0	0	0	0	0	0	0	0
Salinispora	0	52	0	0	0	0	0	0	0	0	0	0	0	0	0	1	0	0	0	0	0	0	0	0	0	0	0	0	0
Jatrophihabitans	0	4	0	0	0	0	0	0	0	0	0	0	0	0	0	0	0	0	0	0	0	0	0	0	0	0	0	0	0
CandidatusPlanktophila	0	61	0	0	1	0	0	0	0	0	0	0	0	0	0	0	0	0	0	0	0	0	0	0	0	0	0	0	0
Stackebrandtia	0	49	0	0	0	0	0	0	0	0	0	0	0	0	0	0	0	0	19	0	0	0	0	0	0	0	0	0	0
Actinopolyspora	0	40	0	0	0	0	0	0	0	0	0	0	0	0	0	0	0	0	0	0	0	0	0	0	0	0	0	0	0
Thermobispora	0	28	0	0	0	0	0	0	0	0	0	0	1	0	0	0	0	0	1	0	0	0	0	0	0	0	0	0	0
Modestobacter	0	14	0	0	0	0	0	0	0	0	0	0	0	0	0	0	0	0	0	0	0	0	0	0	0	0	0	0	0
Atopobium	0	119	5	0	3	0	13	0	0	0	0	0	1	1	0	0	0	3	250	0	0	0	0	1	0	0	12	511	0
Cryptobacterium	0	31	0	0	0	0	0	0	0	0	0	0	0	0	0	0	0	1	1	0	0	0	0	0	0	0	0	0	0
Gordonibacter	0	4	0	178	455	2049	0	2	2	174	132	135	77	27	1418	1613	3150	6883	3	2	0	2	2	121	19	126	0	0	0
Egicoccus	0	15	0	0	0	0	0	0	0	0	0	0	0	0	0	0	0	0	0	0	0	0	0	0	0	0	0	0	0
Ilumatobacter	0	7	0	0	0	0	0	0	0	0	1	0	0	0	0	0	0	0	0	0	0	0	0	0	0	0	0	0	0
Pelolinea	0	19	0	0	1	0	0	0	0	0	0	0	0	0	0	0	0	0	0	0	0	0	0	0	0	0	0	0	0
CandidatusHepatoplasma	0	14	0	210	1215	4	0	0	0	0	0	0	0	103	0	0	1	1	0	0	0	0	0	1	0	0	0	0	0
Geitlerinema	0	2	0	0	0	1	0	0	0	0	0	0	0	0	4	0	18	7	0	0	0	0	0	0	0	0	0	0	0
Euhalothece	0	1	0	0	0	0	0	0	0	0	0	0	0	0	0	0	0	0	0	0	0	0	0	0	0	0	0	0	0
CandidatusSaccharimonas	0	296	0	0	11	0	0	0	0	0	0	0	0	0	2	3	0	1	0	0	0	0	0	0	0	0	0	473	0
Vampirococcus	0	2	0	0	0	0	0	0	0	0	0	0	0	0	0	0	0	0	0	0	0	0	0	0	0	0	0	0	0
Ereboglobus	0	216	0	0	16	0	0	0	0	0	0	0	0	3	0	0	0	0	0	0	0	0	0	0	0	0	0	0	0
Coraliomargarita	0	24	0	39	241	0	0	0	0	37	15	13	0	16	0	0	0	0	0	0	1	1	0	32	8	5	0	0	0
CandidatusKoribacter	0	2	0	0	0	1	0	0	0	0	0	0	0	0	0	0	0	0	0	0	0	0	0	2	0	22	0	0	0
Persephonella	0	1	0	0	0	1	0	0	0	0	0	0	0	0	0	0	0	0	0	0	0	0	0	0	0	0	0	0	0
Dyothetapapillomavirus	0	7204	0	0	0	0	0	0	0	0	0	0	0	0	0	0	0	0	0	0	0	0	0	0	0	0	0	0	0
Nonanavirus	0	4	24	0	0	0	40	0	0	0	0	0	0	0	0	1	0	1	4404	0	0	0	0	0	0	0	0	0	898
Plantibacter	0	0	1	0	0	0	0	0	0	0	0	0	0	0	0	0	0	0	0	0	0	0	0	0	0	0	0	0	0
Herbinix	0	0	0	5	3	1	0	0	0	0	0	1	1	2	7	3	3	7	0	0	0	0	0	0	0	0	0	0	0
Dehalobacterium	0	0	0	37	261	6	0	0	0	4	5	4	0	4	7	9	12	4	0	0	0	0	0	0	0	0	0	0	0
Syntrophobotulus	0	0	0	3	9	10	0	0	0	0	1	0	0	0	11	11	17	6	0	0	0	0	0	0	0	0	0	0	0
Caldanaerobacter	0	0	0	4	14	0	0	0	0	3	1	0	2	1	0	0	0	0	0	0	0	0	0	0	0	0	0	0	0
Tropheryma	0	0	0	2	13	0	0	0	0	2	2	2	1	2	0	0	0	0	0	0	0	0	0	0	0	0	0	3	0
Chthonomonas	0	0	0	23	294	4	0	0	0	0	0	0	0	5	1	2	0	1	0	0	0	0	0	1	0	1	0	0	0
Thermobaculum	0	0	0	1	5	0	0	0	0	1	0	0	0	0	0	0	0	0	0	0	0	0	0	0	0	0	0	0	0
Verrucomicrobium	0	0	0	1	2	3	0	0	0	0	0	0	0	0	0	0	1	3	0	0	0	0	0	0	0	0	0	0	0
CandidatusGullanella	0	0	0	17	39	0	0	0	0	0	0	1	0	7	0	0	0	1	0	0	0	0	0	0	0	0	0	0	0
Hippea	0	0	0	10	15	0	0	0	0	0	0	1	0	4	0	0	0	0	0	0	0	0	0	0	0	0	0	0	0
Desulfomonile	0	0	0	3	5	4	0	0	0	0	0	0	0	0	0	0	1	2	0	0	0	0	0	0	0	0	0	0	0
Bombella	0	0	0	1	3	0	0	0	0	0	0	0	0	0	0	0	0	0	0	0	0	0	0	0	0	0	0	0	0
Aminomonas	0	0	0	1	0	0	0	0	0	0	3	0	0	2	0	0	0	1	0	0	0	0	1	0	0	0	0	0	0
Mesotoga	0	0	0	6	35	0	0	0	0	0	0	0	0	6	0	0	0	0	0	0	0	0	0	0	0	0	0	0	0
Coprothermobacter	0	0	0	5	16	8	0	0	0	0	0	0	1	9	2	0	4	4	0	0	0	0	0	0	0	0	0	2	0
Desulfurispirillum	0	0	0	2	4	2	1	0	0	0	0	0	0	0	2	1	1	3	0	0	0	0	0	0	0	0	0	0	0
Muriicola	0	0	0	0	2	0	0	0	0	0	0	0	0	0	0	0	0	0	0	0	0	0	0	0	0	0	0	0	0
Flavihumibacter	0	0	0	0	2	0	0	0	0	0	0	0	0	0	0	0	0	0	0	0	0	0	0	0	0	0	0	0	0
Haliscomenobacter	0	0	0	0	4	0	0	0	0	0	0	0	0	1	0	0	0	0	0	0	0	0	0	0	0	0	0	0	0
Symbiobacterium	0	0	0	0	2	1	0	0	0	0	0	0	0	0	0	0	0	2	1	0	0	0	0	0	0	0	0	0	0
Acetohalobium	0	0	0	0	1	0	0	0	0	0	0	0	0	0	0	1	0	0	0	0	0	0	0	0	0	0	0	23	0
Thermacetogenium	0	0	0	0	22	1	0	0	0	2	0	0	0	0	1	0	5	0	0	0	0	0	0	0	0	29	0	0	0
Acidimicrobium	0	0	0	0	1	0	0	0	0	0	0	0	0	0	0	0	0	0	0	0	0	0	0	0	0	0	0	0	0
Raphidiopsis	0	0	0	0	4	0	0	0	0	0	0	0	0	0	0	0	0	0	0	0	0	0	0	0	0	0	0	0	0
CandidatusProfftella	0	0	0	0	4	5	0	0	0	0	0	0	0	0	5	2	4	10	0	0	0	0	0	0	0	0	0	0	0
CandidatusAnnandia	0	0	0	0	1	0	0	0	0	1	0	0	0	0	0	0	0	0	0	0	0	0	0	0	0	0	0	0	0
Wigglesworthia	0	0	0	0	3	0	0	0	0	0	0	0	0	0	0	0	0	0	0	0	0	0	0	0	0	0	0	0	0
Beggiatoa	0	0	0	0	2	0	0	0	0	0	0	0	0	0	0	0	0	0	0	0	0	0	0	0	0	0	0	0	0
Nautilia	0	0	0	0	9	0	0	0	0	0	0	0	0	0	0	0	0	0	0	0	0	0	0	0	0	0	0	0	0
CandidatusHodgkinia	0	0	0	0	1	0	0	0	0	0	0	0	0	0	0	0	0	0	0	0	0	0	0	0	0	0	0	0	0
Anaplasma	0	0	0	0	1	0	0	0	0	0	0	0	1	0	0	0	0	0	0	0	0	0	0	0	0	0	0	0	0
Kosmotoga	0	0	0	0	2	0	0	0	0	0	1	1	0	0	0	0	0	0	0	0	0	0	0	0	0	0	0	0	0
Athalassotoga	0	0	0	0	1	0	0	0	0	0	0	0	0	0	0	0	0	0	0	0	0	0	0	0	0	0	0	0	0
Aureitalea	0	0	0	0	0	8	0	0	0	0	0	0	0	0	1	0	1	0	0	0	0	0	0	0	0	0	0	0	0
Thermosediminibacter	0	0	0	0	0	2	0	0	0	0	0	0	0	0	0	2	16	8	0	0	0	0	0	0	0	0	0	0	0
Absiella	0	0	0	0	0	634	0	0	0	0	0	0	0	0	833	413	886	1503	0	0	0	0	0	0	0	0	0	0	0
Thermobacillus	0	0	0	0	0	3	0	0	0	0	0	0	0	0	0	0	0	0	0	0	0	0	0	0	0	0	0	0	0
Arabia	0	0	0	0	0	9	0	0	0	0	0	0	0	0	3	3	7	21	0	0	0	0	0	0	0	0	0	0	0
Libanicoccus	0	0	0	0	0	17	0	0	0	3	2	1	2	0	7	9	28	14	0	0	0	0	0	0	0	0	0	0	0
Parolsenella	0	0	0	0	0	17	0	0	0	20	36	14	18	0	6	11	45	55	0	0	0	0	0	0	0	0	0	0	0
Oceanithermus	0	0	0	0	0	2	0	0	0	0	0	0	0	0	0	0	0	0	0	0	0	0	0	0	0	0	0	0	0
Marinithermus	0	0	0	0	0	1	0	0	0	0	0	0	0	0	0	0	1	0	0	0	0	0	0	0	0	0	0	0	0
Georhizobium	0	0	0	0	0	4	0	0	0	0	0	0	0	0	0	0	0	0	0	0	0	0	0	0	0	0	0	0	0
Rhodobaca	0	0	0	0	0	2	0	0	0	0	0	0	0	0	0	2	0	0	0	0	0	0	0	0	0	0	0	0	0
Waddlia	0	0	0	0	0	2	0	0	0	0	0	0	0	0	2	3	3	0	0	0	0	0	0	0	0	0	0	0	0
Brochothrix	0	0	0	0	0	0	1	0	0	0	0	0	0	0	0	0	0	0	2	0	0	0	0	0	0	0	0	0	0
Amphibacillus	0	0	0	0	0	0	1	0	0	0	0	0	0	0	0	0	0	0	0	0	0	0	0	0	0	0	0	0	0
Halobacterium	0	0	0	0	0	0	1	0	0	0	0	0	0	0	0	0	0	0	0	0	0	0	0	0	0	0	0	0	0
Coriobacterium	0	0	0	0	0	0	0	0	0	244	284	79	50	0	0	0	0	1	0	0	0	0	0	0	0	0	0	0	0
Denitrobacterium	0	0	0	0	0	0	0	0	0	24	13	9	2	0	0	0	0	1	0	0	0	0	0	0	0	0	0	0	0
Truepera	0	0	0	0	0	0	0	0	0	0	0	0	1	0	0	1	0	0	0	0	0	0	0	0	0	0	0	0	0
Tumebacillus	0	0	0	0	0	0	0	0	0	0	0	0	0	0	1	0	3	1	0	0	0	0	0	0	0	0	0	0	0
Pleurocapsa	0	0	0	0	0	0	0	0	0	0	0	0	0	0	0	2	0	0	0	0	0	0	0	0	0	0	0	0	0
Crateriforma	0	0	0	0	0	0	0	0	0	0	0	0	0	0	0	1	0	2	0	0	0	0	0	0	0	0	0	0	0
Edaphobacter	0	0	0	0	0	0	0	0	0	0	0	0	0	0	0	2	1	0	0	0	0	0	0	0	0	0	0	0	0
Tepidiforma	0	0	0	0	0	0	0	0	0	0	0	0	0	0	0	0	2	3	0	0	0	0	0	0	0	0	0	0	0
Parvibaculum	0	0	0	0	0	0	0	0	0	0	0	0	0	0	0	0	1	0	0	0	0	0	0	0	0	0	0	0	0
Webervirus	0	0	0	0	0	0	0	0	0	0	0	0	0	0	0	0	18	0	0	0	0	0	0	0	0	0	0	0	0
Halothece	0	0	0	0	0	0	0	0	0	0	0	0	0	0	0	0	0	6	0	0	0	0	0	0	0	0	0	0	0
CandidatusPurcelliella	0	0	0	0	0	0	0	0	0	0	0	0	0	0	0	0	0	1	0	0	0	0	0	0	0	0	0	0	0
Shimwellia	0	0	0	0	0	0	0	0	0	0	0	0	0	0	0	0	0	7	0	0	0	0	0	0	0	0	0	0	0
Pseudescherichia	0	0	0	0	0	0	0	0	0	0	0	0	0	0	0	0	0	3	0	0	0	0	0	0	0	0	0	0	0
CandidatusMoranella	0	0	0	0	0	0	0	0	0	0	0	0	0	0	0	0	0	1	0	0	0	0	0	0	0	0	0	0	0
Phytobacter	0	0	0	0	0	0	0	0	0	0	0	0	0	0	0	0	0	1	0	0	0	0	0	0	0	0	0	0	0
Peduovirus	0	0	0	0	0	0	0	0	0	0	0	0	0	0	0	0	0	9	0	0	0	0	0	0	0	0	0	0	0
Moineauvirus	0	0	0	0	0	0	0	0	0	0	0	0	0	0	0	0	0	0	1	0	0	0	0	0	0	0	0	0	0
Lymphocryptovirus	0	0	0	0	0	0	0	0	0	0	0	0	0	0	0	0	0	0	9	0	0	0	0	0	0	0	0	0	0
Alphatrevirus	0	0	0	0	0	0	0	0	0	0	0	0	0	0	0	0	0	0	0	8	0	0	0	0	0	0	0	0	0
Gequatrovirus	0	0	0	0	0	0	0	0	0	0	0	0	0	0	0	0	0	0	0	1	0	0	0	0	0	0	0	0	0
Methanobrevibacter	0	0	0	0	0	0	0	0	0	0	0	0	0	0	0	0	0	0	0	0	0	0	0	1	0	1	0	0	0
Sporolactobacillus	0	0	0	0	0	0	0	0	0	0	0	0	0	0	0	0	0	0	0	0	0	0	0	0	0	0	0	1	0
