Genus	Basepaws_WGS1_Kraken2.kreport	Basepaws_WGS2_Kraken2.kreport	Bristle1_Kraken2.kreport	Kean5_Kraken2.kreport	Kean6a_Kraken2.kreport	Kean6b_Kraken2.kreport	Nebula_lcWGS_Kraken2.kreport	Ombre5_Kraken2.kreport	Ombre6_Kraken2.kreport	PetQCheck1_Kraken2.kreport	PetQCheck2_Kraken2.kreport	PetQCheck3_Kraken2.kreport	PetQCheck4_Kraken2.kreport	Psomagen1a_Kraken2.kreport	Psomagen1b_Kraken2.kreport	Psomagen2_Kraken2.kreport	Psomagen3_Kraken2.kreport	Psomagen4_Kraken2.kreport	SequencingDotCom_WGS_Kraken2.kreport	thryve2_Kraken2.kreport	thryve3a_Kraken2.kreport	thryve3b_Kraken2.kreport	thryve4_Kraken2.kreport	uBiome_Fecal2013_Kraken2.kreport	uBiome_Fecal2014_Kraken2.kreport	uBiome_Fecal2019_Kraken2.kreport	uBiome_Oral2014_Kraken2.kreport	uBiome_Oral2019_Kraken2.kreport	Veritas_WGS_Kraken2.kreport
Komagataeibacter	87.6236754562502	0.0400036847651945	0.000853893183655346	0	0	0	0.000856841738474765	0	0	0	0	0	0	0	0	0	0	0	0.000368923370926625	0	0	0	0	0	0	0	0	0	0.0354994988306047
Bradyrhizobium	0.0229046686304277	0.238678749464406	0.00967745608142725	0	5.20780983994838e-05	0	0.00685473390779812	0	0	0	0	0	0	0	0	0	0	0	0.00352969927859528	0	0	0	0	0	0	0	0	0	0.588874039425326
Burkholderia	1.19219884038504	0.462871179114744	0.00910819395899036	0.000264061959498177	0.000781171475992257	0	0.0194217460720947	0	0	0.00331060054293849	0.00561219717519409	0	0	0	0	0	0	0	0.00677024240159941	0	0	0	0	0.00101762009189109	0	0	0	0.00238291923492406	1.01277981957902
Cupriavidus	0.346809920123256	0.411403732570696	0.00170778636731069	0	5.20780983994838e-05	0	0.00314175304107414	0.00361925443358668	0.00624609618988132	1.72813348341389	3.0418108689552	2.68705225332448	0.915441454618818	0	0	0	0	0	0.0024229291658154	0	0.00299123567945918	0	0.00458715596330275	0.00101762009189109	0	0	0	0.000397153205820677	0.225526227865018
Lautropia	0.000173410740419642	0.218140855122572	0.0244782712647866	0	5.20780983994838e-05	0	0.0137094678155962	0	0	0	0	0	0	0	0	0	0	0	0.0975951879629677	0.00246986761509583	0	0	0	0.000508810045945547	0	0	1.16140164587205	0.211682658702421	0.0522051453391246
Variovorax	0.00354913982058867	0.808430939102108	0.00227704848974759	0	0	0	0.00485543651802367	0	0	0	0	0	0	0	0	0	0	0	0.00255255089073557	0	0	0	0	0	0	0	0	0	0.208820581356499
Acidovorax	0.00240751911282603	1.00187895899398	0.00313094167340293	0	0	0	0.00199929738977445	0	0	0	0	0	0	0	0	0	0	0	0.000707934036102442	0	0	0	0	0	0	0	0	0	0.123204143000334
Hydrogenophaga	0.00200289405184686	0.563289426659276	0.00142315530609224	0	5.20780983994838e-05	0	0.00114245565129969	0	0	0	0	0	0	0	0	0	0	0	0.000598254115016148	0	0	0	0	0	0	0	0	0	0.0480287337119947
Comamonas	0.00175144847823838	1.03528640599572	0.000569262122436897	0	5.20780983994838e-05	0	0.00199929738977445	0	0	0	0.00187073239173136	0	0.00252187728545129	0	0	0	0	0	0.000578312311182277	0	0	0	0	0	0	0	0	0	0.0501169395255596
Ottowia	0.000465318820126039	0.917221500178652	0.00113852424487379	0	0	0	0.000856841738474765	0	0	0	0	0	0.00252187728545129	0	0	0	0	0	0.000279185253674203	0	0	0	0	0	0	0	0	0	0.0292348813899098
Massilia	0.00323411030882632	0.225477662661038	0.00341557273462138	0.000264061959498177	0.000312468590396903	0	0.00599789216932335	0	0	0	0	0	0	0	0	0	0	0	0.00221354022555975	0	0	0	0	0	0	0	0	0	0.605579685933846
Neisseria	0.00373122109802929	6.01253315314524	6.72924754932656	0.000264061959498177	0.000260390491997419	0	6.75276974091962	0	0	0	0.00187073239173136	0.00686640269162985	0.00252187728545129	0.00115913806493491	0	0	0	0	0.906763791228059	0	0	0	0	0	0	0	0.112821874170427	0.117557348922921	0.808135649849649
Eikenella	0.000254335752615475	0.645565867535189	0.0455409697949518	0	0	0	0.0162799930310205	0	0	0	0	0	0	0	0	0	0	0	0.0509712505993758	0	0	0	0	0	0.00560224089635854	0	0.252190071675073	0.025814958378344	0.0146174406949549
Klebsiella	1.33643322372907	0.0681022798332883	0.0555030569375975	0.000528123918996353	0.000468702885595354	0	0.0402715617083139	0.00361925443358668	0	0.00165530027146924	0.00374146478346273	0	0	0.00154551741991322	0	0	0	0	0.0014756934837065	0	0	0	0.0137614678899083	0.000508810045945547	0	0.00119451478809308	0.0199097425006637	0.000397153205820677	8.37161710658203
Enterobacter	0.00734972521478582	0.081725319182882	0.00426946591827673	0.00079218587849453	0.00109364006638916	0	0.00228491130259937	0	0	0	0	0	0	0	0	0	0	0	0.00167511152204522	0	0	0	0	0.00101762009189109	0	0	0.00663658083355455	0.00635445129313084	0.65778483127297
Pseudomonas	0.202618889464324	2.15260813712666	0.0281784750606264	0.00079218587849453	0.00182273344398193	0	0.065405586036907	0	0	0.00165530027146924	0.00561219717519409	0.0045776017944199	0.844828890626182	0.00309103483982644	0	0	0	0	0.0567144901035309	0.00246986761509583	0	0.00269106566200215	0	0.0101762009189109	0.00560224089635854	0.00119451478809308	0.00663658083355455	0.00556014488148948	22.5547109923154
Acinetobacter	0.0285318471570451	0.115005749856929	0.0099620871426457	0.00132030979749088	0.00682223089033238	0	0.0174224486823202	0	0	0	0	0.0045776017944199	0	0.00425017290476135	0	0	0	0	0.00901369533290997	0.0543370875321083	0.080763363345398	0.0726587728740581	0.0137614678899083	0.00152643013783664	0.00280112044817927	0.00597257394046538	0.0132731616671091	0.118748808540383	0.613932509188106
Xanthomonas	0.0555897030205232	1.03071381819886	0.00256167955096604	0	5.20780983994838e-05	0	0.00542666434367351	0	0	0	0	0	0	0	0	0	0	0	0.00320065951533639	0	0	0	0	0	0	0	0	0	7.83286000668226
Stenotrophomonas	0.00462717659019744	0.901981693674895	0.00398483485705828	0	0.000156234295198451	0	0.00971087303604733	0	0	0	0	0	0	0	0	0	0	0	0.00362940829776463	0	0	0	0	0.00203524018378219	0.00280112044817927	0	0	0	0.599315068493151
Lysobacter	0.00186994581752514	0.720656198210572	0.00313094167340293	0.000264061959498177	0.000104156196798968	0	0.00142806956412461	0	0	0	0	0	0	0	0	0	0	0	0.00145575167987263	0	0	0	0	0.000508810045945547	0	0	0	0	0.152439024390244
Vibrio	0.025650338687072	0.201391922420322	0.0119545045711748	0.0203327708813596	0.0152068047326493	0	0.0122813982514716	0.01085776330076	0	0.00827650135734622	0.00374146478346273	0.0045776017944199	0	0.0231827612986983	0	0	0	0	0.0106489232472874	0.00246986761509583	0.00897370703837755	0	0.00458715596330275	0.00457929041350992	0.00280112044817927	0	0.0132731616671091	0.0087373705280549	0.72878382893418
Haemophilus	0.004841049836715	0.105014516351641	1.21195905866815	0.00105624783799271	0.000885327672791225	0	4.61237907820966	0	0	0	0	0.00228880089720995	0	0.00540931096969627	0	0	0	0	1.12259393412205	0	0	0	0	0	0.00280112044817927	0	2.37589593841253	0.967862362584991	0.989809555629803
Pasteurella	0.00180347170036428	6.66709995739356	0.00284631061218449	0.00132030979749088	0.00265598301837367	0	0.0257052521542429	0.01085776330076	0	0.00165530027146924	0	0.0137328053832597	0	0.000386379354978305	0	0	0	0	0.00848523753131237	0	0.00598247135891837	0.00538213132400431	0	0.00254405022972774	0.00280112044817927	0.00238902957618615	0.0265463233342182	0.0484526911101226	0.135733377881724
Aggregatibacter	0.00123121625697946	0.0679644994100307	0.0389944553869275	0	0.000260390491997419	0	0.0645487442984323	0	0	0	0	0	0	0.000386379354978305	0	0	0	0	0.0191241898766829	0	0	0	0	0.000508810045945547	0	0	0.106185293336873	0.00158861282328271	0.551286334781156
Microbulbifer	0.0022254378353854	0.0647869383986526	0.00341557273462138	0	0.000156234295198451	0	0.0039985947795489	0	0	0	0	0	0	0	0	0	0	0	0.000558370507348405	0	0	0	0	0	0	0	0	0.00635445129313084	0.920898763782158
Cardiobacterium	8.9595549216815e-05	0.890539460087175	0.511482017009552	0	0	0	0.00514105043084859	0	0	0	0	0	0	0	0	0	0	0	0.0915328795974707	0	0	0	0	0	0	0	0.2190071675073	0.00198576602910339	0.0292348813899098
Campylobacter	0.0188295162305661	0.285244226887242	0.380551728849066	0.00132030979749088	0.000624937180793806	0	0.341879853651431	0	0	0	0	0	0	0.00115913806493491	0	0	0	0	0.145186302812502	0	0	0	0	0	0	0	0.179187682505973	0.901140624007117	0.442699632475777
Desulfomicrobium	0.000306358974741367	5.37737401320423	0.00113852424487379	0.00079218587849453	0.000937405771190708	0	0	0	0	0	0	0	0	0.000386379354978305	0	0	0	0	0.000239301646006459	0	0.00299123567945918	0	0.00458715596330275	0	0	0	0	0	0.0292348813899098
Bdellovibrio	0.00142774842945505	0.0106220095055145	0.00227704848974759	0.000264061959498177	0.000364546688796387	0	0.00114245565129969	0	0	0	0	0	0.00504375457090258	0.00077275870995661	0	0	0	0	0.000957206584025837	0	0	0	0	0.787637951123707	1.41176470588235	0	0	0	0.0793518209154694
Staphylococcus	7.57611582658267	0.0819750462000364	0.0512335910193208	0.0105624783799271	0.0534321289578704	4.52721926530876	0.341594239738606	0.01085776330076	0.0437226733291693	0.013242402171754	0.00748292956692545	0.0320432125609393	0.0277406501399642	0.0262737961385247	2.79860639098098	2.60922974142317	2.28689570047315	2.27585510787481	0.0528457801597598	0.00740960284528749	0.00598247135891837	0.0161463939720129	0.357798165137615	0.500160275164473	0.00840336134453781	0.0131396626690238	0.00663658083355455	0.0373324013471437	8.24632475776813
Bacillus	0.0814221229850358	0.243033902530813	0.0685960857536461	0.367574247621462	0.425894688710979	0.067372237048991	0.0499824347443613	0.0253347810351068	0.0624609618988132	0.0546249089584851	0.0261902534842391	0.0709528278135085	0.0428719138526719	0.481428676302968	0.0388598492344761	0.048353675602023	0.0474662277994926	0.0694311895519605	0.0637340050530537	0.0123493380754792	0.0418772995124286	0.0834230355220667	0.224770642201835	0.0641100657891389	0.030812324929972	0.0250848105499546	0.0730023891691001	0.143372307301265	2.73972602739726
Paenibacillus	0.0262919584266247	0.211869693045238	0.01650860155067	0.0174280893268797	0.0530155041706745	0.102258751779259	0.0185649043336199	0.0144770177343467	0.018738288569644	0	0.0149658591338509	0.0114440044860498	0.00252187728545129	0.0173870709740237	0.063995571092781	0.0890863914624228	0.110923678255503	0.131959139421789	0.0152853926386626	0.00740960284528749	0.0209386497562143	0.0296017222820237	0.0458715596330275	0.0127202511486387	0.0140056022408964	0.0919776386831669	0	0.113982970070534	0.68701971266288
Cohnella	0.00712140107323329	0.0119610629940491	0.00284631061218449	0.000264061959498177	0.000104156196798968	0.00240079241154534	0.00142806956412461	0	0	0	0	0	0	0	0.00113883529455103	0.00186874108606852	0.00414180895563327	0.003740400783944	0.00390859355143884	0	0	0	0	0	0	0	0	0	0.780988974273304
Gemella	0.00214740300219656	0.0461155382281364	2.47031298031492	0.000264061959498177	0.000260390491997419	0.00063771048431673	1.03763534529294	0	0	0	0	0	0	0	0.000941282233251364	0.000773775605950247	0.000946307344167867	0.00103136051027868	1.93205169354273	0	0	0	0.00458715596330275	0.0106850109648565	0.0112044817927171	0.00119451478809308	2.93336872843111	5.15147423270001	0.457317073170732
Lactobacillus	0.0277543890041637	0.130940916934314	0.0896587842838113	0.0367046123702466	0.0179669439478219	0.0400444671769476	0.0519817321341357	0.0180962721679334	0.0249843847595253	0.0182083029861617	0.04115611261809	0.0640864251218786	0.0378281592817694	0.0119777600043274	0.0232299158551787	0.0343819160757138	0.0312692861551121	0.0356025648148199	0.0869462647156802	0.00987947046038332	0.0239298854356735	0.00269106566200215	0.018348623853211	0.0223876420216041	0.0168067226890756	0.0394189880070715	0.0464560658348819	0.319708330685645	1.39283327764784
Streptococcus	0.0216821229104692	0.429859850829872	56.4024910910478	0.172168397592811	0.160713011660807	0.0418263052948914	49.4309142786963	0.209916757148028	0.0811992504684572	0.0231742038005694	0.020578056309045	0.135039252935387	0.0151312637127077	0.0513884542121145	0.0197088230567199	0.0244980276751795	0.0340259205924707	0.0777508310015418	57.5902942443068	0.0518672199170125	0.0448685351918878	0.0941872981700753	0.637614678899083	0.415188997491566	0.397759103641457	0.0740599168617708	45.8853198831962	31.6678051725234	3.61677246909455
Clostridium	0.0951244616571945	0.282441256401596	0.0432639213052042	0.405071045870203	0.644935170579207	0.0693041246926564	0.0228491130259937	0.0723850886717336	0.0437226733291693	0.54790438985632	5.84790945655224	0.734705088004394	7.18735026353618	0.380197285298652	0.0426365989357933	0.0523831485688582	0.0615511211684839	0.06977497638872	0.0359849850182213	0.256866231969966	0.197421554844306	0.261033369214209	0.055045871559633	0.152643013783664	0.134453781512605	0.0226957809737685	0.00663658083355455	0.00635445129313084	1.80003341129302
Lachnoclostridium	0.00345087373435087	0.0637665021389011	0.00483872804071363	1.95088975677253	0.99672272526772	0.790142046259143	0.0111389426001719	2.3090843286283	1.17426608369769	1.60564126332517	1.38621270227294	2.20182646311597	1.475298211989	0.730643360263974	0.508420234407166	0.864599342641124	1.15208119042721	1.11400686583567	0.00211383120639039	0.985477178423237	1.11872214411774	1.55274488697524	2.11926605504587	3.15818395518401	2.63585434173669	2.9158105977352	0.00663658083355455	0.00158861282328271	0.0772636151019044
Blautia	0.00205202709496576	0.0322643000525223	0.00313094167340293	2.65619925059216	1.09291097301157	0.564223729094584	0.00599789216932335	3.85088671733623	1.63023110555903	2.17506455671059	2.39079599663268	3.83831910462109	2.66814616800746	2.11465420979626	0.35503771346044	0.347454446151131	0.465665500925735	1.14135854656826	0.00111674101469681	2.66992689191859	5.24363614609195	7.18783638320775	4.94036697247706	3.0452281249841	6.23529411764706	6.53757943523341	0.0132731616671091	0	0.0793518209154694
Anaerostipes	0.00107225641159479	0.00882871118405245	0.000284631061218449	0.432797551617512	0.358818097972443	0.114431519553423	0.00199929738977445	0.238870792616721	0.112429731417864	0.190359531218963	0.20578056309045	0.297544116637294	0.416109752099463	0.459018673714226	0.111675583475872	0.121614165991803	0.0896660495097031	0.0861942357123566	0.000279185253674203	0.345781466113416	0.197421554844306	0.182992465016146	0.298165137614679	3.4965426357378	3.00840336134454	3.71374647618138	0	0	0.0104410290678249
Anaerobutyricum	0.000673411708629609	0.00195691257408039	0.000569262122436897	0.892529423103837	0.658996257147068	0.130430550233486	0.00171368347694953	0.988056460369164	0.474703310430981	0	0	0	0	0.271624686549748	0.0584524646080785	0.0612596687276837	0.0861139683192759	0.181491946862106	0.000149563528754037	0.422347362181387	1.55843378899824	1.09526372443488	1.8348623853211	2.91649918335988	3.1484593837535	4.84375746571743	0	0	0.00835282325425994
Roseburia	0.000604047412461752	0.0100558180786903	0.000569262122436897	0.199102717461625	0.26132789776861	0.236684370635083	0	0.0289540354686934	0.0437226733291693	0.698536714560021	1.05509306893649	0.691217870957405	0.325322169823216	0.364355731744541	0.191789160217043	0.23443940906319	0.349201124597134	0.152985142358004	0.000418777880511304	0.0246986761509583	0.0418772995124286	0.0968783638320775	0.0137614678899083	0.132799421991788	0.142857142857143	0.03105738449042	0	0.000397153205820677	0.0459405278984297
Lachnospira	0.000384393807930206	0.00601067096461215	0.000569262122436897	4.92501960660049	4.58927826525771	0.394348909787037	0.000571227825649843	3.47086500180963	8.0262336039975	0.648877706415944	0.488261154241886	0.675196264676936	0.279928378685093	2.79545463326804	0.131117128861422	0.0883418149359423	0.133182472742234	0.0202421689484028	0.000179476234504844	1.2448132780083	4.13089647333313	4.34607104413348	0.389908256880734	3.94836595653745	4.10084033613445	2.94089540828515	0.00663658083355455	0	0.00208820581356499
Anaerotignum	0.000297688437720385	0.00485460710071648	0.000284631061218449	1.89041956804745	1.96631276126931	0.00596446864743294	0.00114245565129969	0.322113644589215	0.224859462835728	0.501555982255181	0.48077822467496	0.734705088004394	0.844828890626182	1.49528810376604	0.0056244518628847	0.00308050288406608	0.00327778920661044	0.00375415225741438	0.000488574193929854	0.197589409207666	0.281176153869163	0.271797631862217	0.0688073394495413	0.61820420582384	0.274509803921569	0.133785656266425	0	0.00238291923492406	0.0125292348813899
Mageeibacillus	6.64741171608627e-05	0.00427334594009854	0.00113852424487379	0.000528123918996353	0.00104156196798968	0.00583317531242656	0.000285613912824922	0.01085776330076	0	0.00331060054293849	0	0	0	0.00154551741991322	0.00337002281040612	0.00362068585425776	0.00641843242131249	0.00298406974307297	0.000169505332587909	0	0	0.00269106566200215	0.00458715596330275	1.56662613146634	0	0	0	0.00238291923492406	0.00208820581356499
Ruminococcus	0.00152312433668585	0.0126305897383164	0.00227704848974759	2.87985973028711	3.09520970027492	1.110216440814	0.00342736695389906	2.67462902642056	6.37101811367895	0.54790438985632	0.624824618838275	0.753015495182074	0.789347590346254	3.58714593161858	1.09658218096953	0.430861616656673	0.214304326956045	0.31613262361062	0.000817613957188736	5.31021537245604	4.09201040950016	4.45909580193757	4.11926605504587	11.9672122806393	13.7703081232493	0.412107601892111	0	0.00635445129313084	0.0542933511526896
Flavonifractor	0.000656070634587645	0.0139029058343357	0.000284631061218449	0.947718372638956	0.680192043195658	0.498070644442081	0	1.0061527325371	0.768269831355403	0.139045222803417	0.362922083995884	0.157927261907487	0.0353062819963181	0.651435592493422	0.391375855971268	0.829195458783966	0.671343344990743	0.781688757950414	0.00018944713642178	0.380359612724758	0.616194549968592	0.530139935414424	1.54587155963303	0.601922284353582	0.593837535014006	0.427636294137321	0	0	0.0689107918476445
Faecalibacterium	0.000526012579272914	0.0157737056438801	0.000569262122436897	5.00793506188292	3.47881697308552	1.8637839151785	0.00114245565129969	4.00289540354687	2.61711430356027	6.61623518506257	4.8377139650173	9.33144125792497	7.82034146218445	10.365785335358	5.94761380886602	6.35281452116941	5.49659192210108	0.414854451654495	0.000957206584025837	6.42165579924916	8.10923992701385	6.92142088266954	0.908256880733945	12.3676457867984	11.0084033613445	3.61221271919346	0.00663658083355455	0	0.00417641162712997
Ruthenibacterium	0.000213873246517558	0.0107231920038442	0.000853893183655346	1.99947715732019	1.33595945824196	0.454124889596372	0	2.0919290626131	0.362273579013117	2.8901542739853	3.64979889626789	1.6319150397107	1.23824174715658	1.18579824042842	0.161517058764947	0.216642570126334	0.380223547966811	0.788138199008024	7.97672153354864e-05	0.642165579924916	0.637133199724806	0.71313240043057	0.68348623853211	4.75279463917736	4.29131652661064	3.56084858330546	0.00663658083355455	0	0.00208820581356499
Acetobacterium	0.000812140300965323	0.00831418741594991	0.000569262122436897	0.00316874351397812	0.00541612223354632	0.00335735813802043	0.000285613912824922	0	0.00624609618988132	0	0.00187073239173136	0	0	0.00656844903463118	0.00105748991636882	0.00110956501985318	0.00218062127134335	0.00258527701243188	0.000538428703514533	0.00246986761509583	0.00299123567945918	0	0.00917431192660551	0.10735891969451	0.565826330532213	0	0	0.00238291923492406	0.00835282325425994
Flintibacter	0.000106936623258779	0.00407959221989256	0	0.330605573291717	0.318301337417645	0.40648416517977	0.000285613912824922	0.206297502714441	0.405996252342286	0.562802092299543	0.572444111869797	0.716394680826715	0.196706428265201	0.299057620753208	0.310251272386974	0.429971044732844	0.535445381608722	0.137088439026242	5.98254115016148e-05	0.0642165579924916	0.212377733241602	0.226049515608181	0.0642201834862385	0.198435917918763	0.302521008403361	0.471833341296765	0	0	0
Oscillibacter	0.000338150943818302	0.00323568712743985	0.000284631061218449	1.18431788834932	1.50750471436986	0.254483995623806	0.000285613912824922	0.922909880564604	1.89256714553404	0.00165530027146924	0.00187073239173136	0.0045776017944199	0	1.5992241502552	0.244373136827691	0.414583129852248	0.512281423575396	0.247416510679119	1.99418038338716e-05	0.451985773562537	0.885405761119919	1.3778256189451	2.8348623853211	0.505248375623928	0.65266106442577	1.84194180323952	0	0	0.00626461744069495
Christensenella	0.000341041122825296	0.0104088804132879	0.000284631061218449	0.770004673896683	0.380586743103428	0.11084908712682	0.000285613912824922	0	0	0.00827650135734622	0.00561219717519409	0.0228880089720995	0.00252187728545129	0.283988825909054	0.0291681284624805	0.0508063982774879	0.0733045326750326	0.0985293074152895	0.000159534430670973	0	0	0.0134553283100108	0.018348623853211	0.0172995415621486	0.0140056022408964	0.00836160351665154	0	0.000397153205820677	0.00208820581356499
Megamonas	0.00115896178180461	0.0036748622265734	0.00170778636731069	0.0414577276412137	0.00802002715352051	0.000769003819323115	0.00171368347694953	0	0.018738288569644	21.8632059855658	11.6396969413525	11.3844956627223	11.8099513277684	0.00656844903463118	0.000429968427534574	0.0303962417280833	0.00115202633203045	0.00132014145315671	0.000717904938019378	0.00246986761509583	0	0.00269106566200215	0.00917431192660551	0.00152643013783664	0	0	0.0199097425006637	0.00595729808731016	0.0250584697627798
Veillonella	0.00123699661499345	0.00879211325912465	2.96044766773308	0.00528123918996353	0.00213520203437884	0.00174432573651341	6.95212825207141	0	0	0	0	0	0	0.0154551741991322	0.001824460624944	0.00249652129466966	0.00202976068024412	0.00158141944909397	12.732841747927	0	0	0.00269106566200215	0.00917431192660551	0.0407048036756438	0.0588235294117647	0.00716708872855846	25.968940801699	17.0593188028214	1.29259939859673
Dialister	0.000450867925091069	0.0102883225429375	0.00142315530609224	0.285186916258031	0.0374441527492289	0.00260711050941251	0.000571227825649843	0.159247195077814	0.0811992504684572	0	0	0	0	0.694710080250992	0.00857612701406799	0.00659899196017946	0.00517040389494617	0.00713701473112844	0.000568341409265341	0.338371863268129	0.107684484460531	0.13724434876211	0.440366972477064	0.115499880429639	0.711484593837535	0.366716039944575	0	0.0035743788523861	0.0292348813899098
Peptoniphilus	0.000881504597133179	0.0120084250145439	0.000284631061218449	0.108793527313249	0.00270806111677316	0.00238203622083014	0.000571227825649843	0.130293159609121	0.018738288569644	0.00165530027146924	0.00187073239173136	0.0114440044860498	0	0.00193189677489152	0.00125504297766849	0.00172274568871942	0.00338750600013715	0.00576186738409021	0.000548399605431469	0	0.00299123567945918	0.0107642626480086	0.055045871559633	0.0941298584999262	0.355742296918768	2.99225954417316	0	0.00119145961746203	0.0187938523220849
Finegoldia	0.000682082245650591	0.00537343650704582	0.000853893183655346	0.0818592074444348	0.00124987436158761	0.00234452383939974	0.000571227825649843	0.137531668476294	0	0	0.00374146478346273	0	0	0.00077275870995661	0.0009761445381866	0.00112416455958809	0.00290749502845779	0.0244776227772806	0.000598254115016148	0	0	0.00538213132400431	0	0.0544426749161735	0.212885154061625	4.00640259926418	0	0.00436868526402745	0.00417641162712997
Murdochiella	9.2485728223809e-05	0.0046888400289847	0	0.0594139408870897	0.000260390491997419	0.00513919625596423	0.00114245565129969	0.427072023163228	0.00624609618988132	0	0	0	0	0.000386379354978305	0.00428806350703399	0.00370828309266722	0.00399094836453405	0.00515680255139338	0.000847526662939544	0.00493973523019166	0.00897370703837755	0	0	0.0422312338134804	0.151260504201681	0.83854938124134	0	0.00278007244074474	0
Faecalibaculum	0.000138728592335713	0.0027469971886981	0	0.00580936310895989	0.0111447130574895	0.00330108956587484	0	0	0.0124921923797626	4.8384426935046	2.74062295388645	4.53869217916733	2.23942702948075	0.00463655225973966	0.00224280828416683	0.00308050288406608	0.00394980456696153	0.00264028290631341	2.99127057508074e-05	0.00493973523019166	0.00299123567945918	0	0.018348623853211	0.00203524018378219	0	0	0	0.00119145961746203	0.00208820581356499
Streptomyces	0.234867506824363	0.856372067938407	0.0657497751414616	0.00607342506845806	0.0405688386531979	0.231338856281251	0.0722603199447052	0	0.0624609618988132	0.00331060054293849	0	0.00686640269162985	0	0.00656844903463118	0.0987068060399641	0.159762763319124	0.224302269766166	0.203150517577958	0.0529355182770122	0	0	0.00807319698600646	0.151376146788991	0.00407048036756438	0.00280112044817927	0.00119451478809308	0.00663658083355455	0.00476583846984813	2.04226528566656
Mycobacterium	0.0124104286560324	0.158822077271955	0.0113852424487379	0	5.20780983994838e-05	0.0183247983287484	0.00913964521039749	0.00361925443358668	0	0	0	0	0	0.000386379354978305	0.0100635853579714	0.0151105236256322	0.0227250908592196	0.0191145481238315	0.0161827738111868	0	0	0	0	0	0	0.00119451478809308	0	0.000397153205820677	0.503257601069161
Corynebacterium	0.00958961394520619	0.920416283742937	0.173055685220817	0.0250858861523268	0.000937405771190708	0.034867758539553	0.0488399790930616	0.01085776330076	0.00624609618988132	0.00331060054293849	0.00374146478346273	0.00686640269162985	0.00252187728545129	0.000386379354978305	0.0175124978458001	0.0311262187148288	0.036549406843585	0.0463424655951885	0.896922511036043	0	0	0	0.00458715596330275	0.0437576639513171	0.170868347338936	1.1909312437288	1.52641359171755	0.00317722564656542	0.377965252255262
Rothia	0.000705203677706544	0.0133431728648518	13.1621941639247	0.00105624783799271	0.000781171475992257	0.00161303240150702	15.5331126489834	0	0	0	0.00187073239173136	0	0	0.000386379354978305	0.000522934574028536	0.00134315765561175	0.0028389220325036	0.00545933496774179	8.90277901998597	0	0	0	0	0.00559691050540102	0	0.00955611830474461	2.90018582426334	3.39565990976679	1.36986301369863
Cutibacterium	0.00486128108976396	0.0288563873960105	0.0202088053465099	0.000264061959498177	0	0.00163178859222222	0.580653084773065	0	0	0	0.00374146478346273	0.00228880089720995	0	0	0.000836695318445657	0.000890571923829529	0.00215319207296167	0.00199396365320544	0.0106788359530382	0	0	0	0	0.0122114411026931	0.00560224089635854	0.00358354436427923	0.0132731616671091	0.00119145961746203	0.0104410290678249
Actinomyces	0.00402601935674269	0.546542646776139	1.43510981066342	0.00475311527096718	0.00177065534558245	0.0132793830263601	2.3585996921082	0	0	0.00165530027146924	0.00561219717519409	0.00228880089720995	0	0.00077275870995661	0.00542689880158503	0.00918311049325859	0.0201604608105328	0.0198571276912321	7.8354537951895	0	0	0	0	0.000508810045945547	0	0.0226957809737685	5.0238916910008	0.0698989642244392	0.484463748747077
Schaalia	0.000511561684237943	0.119546045367089	6.03446312889233	0.000528123918996353	5.20780983994838e-05	0.00375123814303959	3.53732831033665	0	0	0	0	0	0	0.00077275870995661	0.00132476758753896	0.00236512543705547	0.00962764863196873	0.00723327504542112	1.94138445773699	0	0	0	0	0.000508810045945547	0	0	0.00663658083355455	0.0087373705280549	0.294437019712663
Bifidobacterium	0.00281214417380519	0.0689397264684008	0.0113852424487379	0.128598174275612	0.0479118505275251	0.0906486697265516	0.00771157564627288	0.126673905175534	0.0374765771392879	3.44136926438456	1.17294920961556	0.512691400975029	6.16851184021386	0.0282056929134162	0.0419974566786473	0.0831005801711095	0.0685729959541932	0.239481910486709	0.0120947040252431	0.0321082789962458	0.0119649427178367	0.0484391819160387	0.334862385321101	0.00203524018378219	0	0.00597257394046538	0	0.00198576602910339	0.0856164383561644
Adlercreutzia	0.00022254378353854	0.00492995576968547	0	0.049379586426159	0.0276013921517264	0.137895514138135	0.000856841738474765	0.0144770177343467	0.0312304809494066	0.0430378070582004	0.0523805069684782	0.0503536197386189	0.0252187728545129	0.0328422451731559	0.0498066129841401	0.0972183350947678	0.204704107522458	0.419419940846662	8.97381172524222e-05	0.00740960284528749	0.00897370703837755	0.0215285252960172	0.100917431192661	0.145010863094481	0.106442577030812	0.726264991160591	0	0	0.00208820581356499
Collinsella	0.000130058055314731	0.00565545581090119	0.000569262122436897	0.000264061959498177	0	0.0120789868205875	0	0	0	13.5668410249619	7.58581984847068	11.7873246206313	15.557460973949	0	0.0052409665085971	0.0109496548011827	0.0146334773366248	0.0526681433915644	0.000937264780191966	0.00493973523019166	0.00299123567945918	0	0	0.00661453059729211	0	0	0	0	0
Nostoc	0.0119769018049833	0	0.00455409697949518	0	0	0	0.00628350608214827	0	0	0	0	0	0	0	0	0	0	0	0.00292147426166219	0	0	0	0	0	0	0	0	0	1.92950217173405
Capnocytophaga	0	22.4797479462159	0.338426331788735	0	0.000520780983994838	0.0246081222183397	0.168226594653879	0	0	0	0.00187073239173136	0	0	0.000386379354978305	0.0212195229372468	0.0269069517314397	0.0177329767537544	0.00720577209848035	1.30755416468121	0	0	0.00269106566200215	0	0	0	0.00119451478809308	0.132731616671091	0.152109677829319	0
Chryseobacterium	0	1.14050974580136	0.0327325720401216	0.00158437175698906	0.00338507639596645	0.0553495188005491	0.0259908660670679	0	0	0.0413825067867311	0.0579927041436722	0.114440044860498	0.0226968955690616	0.00154551741991322	0.0429271181435869	0.0560330335025858	0.0293766714667764	0.0245188771976917	0.0385375359089569	0	0	0	0	0	0	0	0	0.00238291923492406	0
Tannerella	0	10.7682806473553	0.0537952705702868	0.00264061959498177	0.0038537792815618	0.158583592496999	0.190790093767048	0.00361925443358668	0.00624609618988132	0	0	0	0	0.00154551741991322	0.162191063327028	0.179676535517541	0.107728176644038	0.0410343968356209	0.00616201738466633	0	0	0.00269106566200215	0.00458715596330275	0	0	0.00119451478809308	0.0331829041677728	0.0119145961746203	0
Parabacteroides	0	0.0734326599580661	0.00313094167340293	0.481120890205678	0.452246206501117	0.832043376316896	0.00685473390779812	0.0217155266015201	0.0124921923797626	0.936899953651592	1.3600224487887	1.18102126296034	0.350540942677729	0.508475231151449	0.746053325614044	1.38657668678337	0.618432421312487	0.342672967408458	0.00101703199552745	0.0123493380754792	0.00897370703837755	0	0	0.0142466812864753	0.0112044817927171	0.00119451478809308	0	0.0035743788523861	0
Porphyromonas	0	5.43301362319005	0.0623342024068403	0.193557416312163	0.00703054328393031	0.0213445450338953	0.0853985599346515	0.11943539630836	0.00624609618988132	0.00496590081440773	0	0.0045776017944199	0	0.00579569032467457	0.0188605069699625	0.0274325351618965	0.0206953301789755	0.0122113084416995	0.0119949950060738	0.00246986761509583	0.0179474140767551	0.0215285252960172	0.00917431192660551	0.0580043452377924	0.487394957983193	1.10253714940991	0.0132731616671091	0.00238291923492406	0
Bacteroides	0	0.949586982729504	0.0577801054273451	60.5876962970591	57.1011351463108	66.7583094145011	0.100821711227197	64.842562432139	64.4472204871955	10.9398794941402	11.1476943223272	19.0634226728617	6.6426247698787	58.6705459153906	73.464393907789	65.3750307867794	50.1556744154152	33.0396476982509	0.0305707852773252	72.3004346967003	56.3309503155754	52.2874058127018	17.2477064220184	37.1080254608547	34.2240896358543	43.7586602322137	0.0663658083355455	0.719244455741247	0
Prevotella	0	0.652224537052934	4.14764382407523	0.570373832516062	0.0135923836822653	0.162109756351456	5.296995627251	1.02786825913862	0.0499687695190506	21.3864795073826	35.6037788794313	20.0750726694285	29.8514614278869	0.0247282787186115	0.128304902929979	0.161660703484662	0.106507577316053	0.0511004754159408	1.87535714524304	0.044457617071725	0.0777721276659388	0.0995694294940797	0.0504587155963303	0.0686893562026489	0.649859943977591	3.19532705814898	6.34457127687815	28.3404556141577	0
Alloprevotella	0	0.017022340729652	0.00768503865289811	0.0161077795293888	0.00682223089033238	0.0102971487026437	0.0177080625951451	0.0470503076366269	0.018738288569644	0.013242402171754	0.0187073239173136	0.0137328053832597	0.0554813002799284	0.0146824154891756	0.0104354499439472	0.0126286018706974	0.0175272577658918	0.00587187917185326	0.00073784674185325	0.0321082789962458	0.0239298854356735	0.0403659849300323	0	0.00712334064323766	0.00840336134453781	0.0167232070333031	0.338465622511282	3.42147486814514	0
Alistipes	0	0.067411224897887	0.00825430077533501	2.29918748135062	6.42940579410507	15.2044809289866	0.0222778852003439	2.4176619616359	5.24672079950031	0.0662120108587698	0.04115611261809	0.137328053832597	0.0554813002799284	5.53565701877417	9.31888004148149	15.3773448138274	31.6231502434341	52.7622859789426	0.00341004845559205	4.29756965026675	6.18587538512159	7.10979547900969	14.0229357798165	2.33035001043061	2.02521008403361	4.76850303406756	0.00663658083355455	0.000397153205820677	0
Odoribacter	0	0.0197499625463295	0.00170778636731069	0.257460410510722	0.775234572774716	0.925936867037176	0.00428420869237382	0.228013029315961	0.530918176139913	0.385684963252334	0.267514732017585	1.06429241720263	0.244622096688775	1.05404288038082	0.938411903478363	0.719450718596646	0.378646369059864	0.568912208943188	0.000628166820766956	0.358130804188895	0.355957045855643	0.277179763186222	0.284403669724771	0.569358441413067	0.969187675070028	0.394189880070715	0	0	0
Butyricimonas	0	0.0165207338762298	0.000284631061218449	0.551889495351189	0.962299102225662	0.52025921805816	0.00285613912824922	0.365544697792255	0.499687695190506	0.00331060054293849	0.00374146478346273	0.0137328053832597	0.00756563185635387	0.829942854493399	0.416743993195808	0.359177876558264	0.426044023863403	0.554418155905405	0.000109679921086294	0.316143054732266	0.317070982022674	0.290635091496233	0.522935779816514	0.00559691050540102	0.00840336134453781	1.12284390080749	0	0.00834021732223423	0
Barnesiella	0	0.0262514762687968	0.00398483485705828	0	5.20780983994838e-05	0.0998016907955682	0.00628350608214827	0	0	0.0496590081440773	0.0841829576279113	0.102996040374448	0.0151312637127077	0	0.115917163909659	0.111248492780017	0.102475485153946	0.0453661109787914	0.000408806978594368	0.00246986761509583	0	0.00538213132400431	0.00458715596330275	1.74013035713377	1.85994397759104	0	0	0	0
Spirosoma	0	0.0368368878493834	0.00540799016315052	0.166623096443349	0.122227296943588	0.0139733620828225	0.00656911999497319	0.0144770177343467	0.00624609618988132	0.0413825067867311	0.00935366195865681	0.0137328053832597	0.0100875091418052	0.251146580735898	0.0105400368587529	0.0138695627481648	0.0087636288829459	0.00642193811066856	0.00145575167987263	0	0.00299123567945918	0.00269106566200215	0.00458715596330275	2.36545790360085	2.00840336134454	0.459888193415834	0.00663658083355455	0.0190633538793925	0
Melioribacter	0	0.000992449611277293	0.000284631061218449	0.159757485496397	0.0716073852992902	0.000506417149310344	0	0.600796235975389	0.174890693316677	0.00165530027146924	0	0	0	0.0792077677705525	0.000185932292987924	0.000233592635758565	0.000288006583007612	0.000371289783700324	0.000149563528754037	0.360600671803991	0.502527594149143	0.417115177610334	0.123853211009174	0.511354096175275	0.554621848739496	0.360743466004109	0	0.000397153205820677	0
Mycoplasma	0	0	0.0378559311420537	0.00475311527096718	0.0185398030302162	0	0.00913964521039749	0.188201230546507	1.73641474078701	0.00331060054293849	0.00561219717519409	0.0205992080748896	0.0151312637127077	0.00270465548484813	0	0	0	0	0.0135703975089496	0.135842718830271	0.203404026203225	0.285252960172228	1.63302752293578	0.00356167032161883	0.00560224089635854	0.00597257394046538	0.00663658083355455	0.00635445129313084	0
Chamaesiphon	0	0	0.00113852424487379	0	0	0	0.000856841738474765	0	0	0	0	0	0	0	0	0	0	0	0.000678021330351635	0	0	0	0	0	0	0	0	0	0.760106916137655
Fusobacterium	0	0	1.03434927646784	0	0.000729093377592773	0	0.23677393373186	0.00361925443358668	0	0.667086009402105	0.682817322981947	1.72346707559909	0.0327844047108668	0.00154551741991322	0	0	0	0	0.475871264887678	0	0	0	0	0.00101762009189109	0.00560224089635854	0	1.71887443589063	4.01720467687615	0
Leptotrichia	0	0	0.229981897464507	0	5.20780983994838e-05	0	0.0351305112774653	0	0	0	0	0	0	0.000386379354978305	0	0	0	0	0.0908349164632852	0	0	0	0	0.00101762009189109	0	0	0.517653305017255	1.06754781724598	0
Dehalococcoides	0	0	0	0.00633748702795624	0.0101031510894999	0	0.000285613912824922	0	0	0.41548036813878	0.318024506594332	0.977317983108649	0.0403500365672206	0.00309103483982644	0	0	0	0	0.000668050428434699	0	0	0	0	0.0162819214702575	0.0112044817927171	0.00119451478809308	0	0	0
Akkermansia	0	0	0	4.88778687031125	9.39358699880689	0	0.000285613912824922	5.05609844372059	0.480949406620862	0	0.00187073239173136	0	0	3.50871092255799	0	0	0	0	8.97381172524222e-05	1.21517486662715	6.82599982052586	7.51614639397201	40.6422018348624	1.01558485170731	0.521008403361345	0.00119451478809308	0	0	0
