Genus	Basepaws_WGS1.DOWNSAMPLE_1M	Basepaws_WGS2.DOWNSAMPLE_1M	Bristle1.DOWNSAMPLE_1M	Kean5.DOWNSAMPLE_1M	Kean6a.DOWNSAMPLE_1M	Kean6b.DOWNSAMPLE_1M	Nebula_lcWGS.DOWNSAMPLE_1M	Ombre5.DOWNSAMPLE_1M	Ombre6.DOWNSAMPLE_1M	PetQCheck1.DOWNSAMPLE_1M	PetQCheck2.DOWNSAMPLE_1M	PetQCheck3.DOWNSAMPLE_1M	PetQCheck4.DOWNSAMPLE_1M	Psomagen1a.DOWNSAMPLE_1M	Psomagen1b.DOWNSAMPLE_1M	Psomagen2.DOWNSAMPLE_1M	Psomagen3.DOWNSAMPLE_1M	Psomagen4.DOWNSAMPLE_1M	SequencingDotCom_WGS.DOWNSAMPLE_1M	thryve2.DOWNSAMPLE_1M	thryve3a.DOWNSAMPLE_1M	thryve3b.DOWNSAMPLE_1M	thryve4.DOWNSAMPLE_1M	uBiome_Fecal2013.DOWNSAMPLE_1M	uBiome_Fecal2014.DOWNSAMPLE_1M	uBiome_Fecal2019.DOWNSAMPLE_1M	uBiome_Oral2014.DOWNSAMPLE_1M	uBiome_Oral2019.DOWNSAMPLE_1M	Veritas_WGS.DOWNSAMPLE_1M
Klebsiella	27.3218389926926	0.318042691498589	0.0421402278051138	0.000642885613505741	0.00430740011339481	0	0.0390998349118081	0.00252889259793137	0	0.0012230470995438	0.00701990846039368	0.00491658199219902	0	0.0108468945340949	0.157023110284146	0	0	0	0	0	0	0	0.110428269637027	0.00609510806626601	0	0.00248799542208842	0.0298284862043251	0.0194109992016885	9.27835051546392
Salmonella	19.5169628062888	0.257890416512963	0.00371825539456887	0.0062145609305555	0.0146251259664103	0	0.0380137283864801	0.644867612472498	0.947815267510796	0.0366914129863141	0.0322915789178109	0.0196663279687961	0	0.0207640552509816	0.14429463413731	0	0	0	0	0	0.22284799740686	0	1.09468023814096	0.0301707849280168	0	0.0281972814503355	0.0546855580412627	0.0478440121168378	0
Escherichia	0.972793842535678	0.325686350750906	0.00991534771885032	0.00857180818007655	0.011920479383581	0	0.0141193848292641	0.027817818577245	0.0182975920368879	0.0232378948913323	0.0617751944514644	0.0196663279687961	0.00926663824897604	0.0198343214337735	0.0200184215763871	0	0	0	0.011454753722795	0.128777161098415	0.291728287514434	0.151779092430018	0.691376992510083	0.122206916728634	0.119523817112623	0.247140878594117	0.193885160328113	0.266559496079525	0
Yersinia	0.036269786122798	0.0581582769198047	0	0	0	0	0	0	0	0	0.00421194507623621	0	0	0	0.00161998787323363	0	0	0	0	0	0	0	0.00240061455732668	0	0	0	0	0.00656146451888061	9.27835051546392
Pseudoalteromonas	2.57019158082817	0.0764365925231719	0.00867592925399403	0	0	0	0.00217221305065601	0	0	0	0	0	0	0	0.0199027081568704	0	0	0	0.00763650248186331	0	0	0	0	0	0	0.000829331807362808	0.00497141436738752	0.000820183064860077	0
Shewanella	0.265723906752289	0.165834172474186	0.00247883692971258	0	0	0	0.00325831957598401	0	0	0.0012230470995438	0.00280796338415747	0	0	0.000309911272402711	0.0108770614345687	0	0	0	0	0	0	0	0	0.000304755403313301	0	0	0	0.00300733790448695	1.03092783505155
Xanthomonas	1.5408932293854	1.53836950778158	0	0	0.000200344191320689	0	0.001086106525328	0	0	0	0	0	0.00185332764979521	0	0.0211755557715539	0	0	0	0.0152730049637266	0	0	0	0	0	0	0	0	0	0
Stenotrophomonas	0.0179439994502264	1.19972216960283	0.00867592925399403	0	0.000500860478301722	0	0	0	0	0.012230470995438	0	0	0	0	0.00717423201003467	0	0	0	0	0	0	0	0	0.0012190216132532	0	0	0	0	0
Lysobacter	0.00725395722455961	1.18509951712014	0.00371825539456887	0	0.000500860478301722	0	0.00651663915196803	0	0	0	0	0.00163886066406634	0	0.000619822544805422	0.00555424413680103	0	0	0	0.00381825124093165	0	0	0	0	0	0	0	0	0.000273394354953359	0
Haemophilus	1.0312072875545	0.0880682479071329	1.13530731380836	0.00107147602250957	0.000100172095660344	0	4.30315405334955	0.00252889259793137	0	0	0	0	0	0.00495858035844338	0.0101827809174686	0	0	0	0.99274532264223	0.0090688141618602	0	0.00172476241397747	0	0.06277961308254	0.00478095268450493	0.000829331807362808	14.4817300521999	8.28111501153724	0
Pasteurella	0.00916289333628582	3.63804947109201	0.00123941846485629	0	0	0	0.00977495872795204	0	0	0	0	0.00819430332033171	0	0	0.000694280517100129	0	0	0	0.00763650248186331	0	0	0	0	0	0	0	0.0149142431021626	0.0224183371061754	0
Bibersteinia	0.00839931889159534	0.5104635048504	0	0	0	0	0	0	0	0	0	0.0294994919531941	0	0	0	0	0	0	0	0	0	0	0	0	0	0	0.0745712155108128	0.053311899215905	0
Aeromonas	0.872383803058879	0.278827396204092	0.00247883692971258	0	0.000200344191320689	0	0.01086106525328	0	0	0	0	0	0	0.000619822544805422	0.0275397938449718	0	0	0	0	0	0	0	0.0096024582293067	0.000304755403313301	0	0	0	0.000273394354953359	0
Pseudomonas	0.516558111833113	2.44962662386217	0.0520555755239642	0.000857180818007655	0.00410705592207412	0	0.0944912677035364	0.00505778519586273	0.00365951840737759	0.0110074238958942	0.0126358352287086	0.00491658199219902	0.619011435031599	0.00681804799285964	0.0772965642371477	0	0	0	0.0572737686139748	0.00181376283237204	0	0	0.00240061455732668	0.00274279862981971	0	0	0	0.00191376048467351	0
Acinetobacter	0.187457526171514	0.194747144428603	0.0161124400431318	0.000642885613505741	0.0018030977218862	0	0.0271526631332001	0.0101155703917255	0	0.00244609419908761	0	0	0	0.0027892014516244	0.0130756164053858	0	0	0	0.011454753722795	0.511481118728915	0.698932355503333	0.493282050397558	0	0.0158472809722916	0	0.00497599084417685	0.0149142431021626	0.0109357741981344	0
Cardiobacterium	0.000381787222345243	1.26120377663234	0.494527967477659	0	0	0	0.00760274567729603	0	0	0	0	0.00163886066406634	0	0	0.000462853678066753	0	0	0	0.0954562810232913	0	0	0	0.00240061455732668	0	0	0	0.164056674123788	0.00136697177476679	1.03092783505155
Xanthobacter	2.27316112184357	0.015951984526575	0	0	0	0	0.00217221305065601	0	0	0	0	0	0	0	0.0152741713762028	0	0	0	0	0	0	0	0	0.0432752672704887	0	0	0	0	0
Bartonella	2.25521712239335	0.0315716360421797	0.00495767385942516	0	0	0	0.001086106525328	0	0	0	0	0	0	0	0.0170098726689532	0	0	0	0	0	0	0	0	0	0	0	0	0	0
Aliiroseovarius	0.00152714888938097	0.00830832527425782	0.00123941846485629	0	0.000100172095660344	0	0.001086106525328	0	0	0	0	0	0	0	0.000578567097583441	0	0	0	0	0	0	0	0	0	0	0	0	0	1.03092783505155
Aestuariispira	0.000763574444690485	0.00598199419746563	0	0	0	0	0	0	0	0	0	0	0	0	0.000115713419516688	0	0	0	0	0	0.00202589088551691	0	0	0.49766557361062	0.819136559945178	0	0	0.000273394354953359	0
Phenylobacterium	0.00419965944579767	0.01063465635105	0	0	0	0	0.00217221305065601	0	0	0	0	0	0	0	0.00104142077565019	0	0	0	0	0	0	0	0.00240061455732668	0	0	0	0	0	1.03092783505155
Burkholderia	2.44343822300955	0.458287222128061	0.0260277877619821	0.000857180818007655	0.00110189305226379	0	0.0184638109305761	0.00252889259793137	0	0.0012230470995438	0.0154437986128661	0.00491658199219902	0.00185332764979521	0.00123964508961084	0.0570467158217273	0	0	0	0.0687285223367698	0	0	0	0	0.607377518803408	0.113149213533283	0.000829331807362808	0	0.0046477040342071	0
Cupriavidus	0.469216496262303	0.481550532895983	0.00371825539456887	0	0.000100172095660344	0	0.0152054913545921	0.0177022481855196	0.0109785552221328	0.316769198781845	0.706202791115604	0.524435412501229	0	0	0.0120341956297356	0	0	0	0.00763650248186331	0.00725505132948816	0.00202589088551691	0.0103485744838648	0.0240061455732668	0.00609510806626601	0	0	0	0.000273394354953359	0
Acidovorax	0.0106900422256668	1.79293659418484	0.00247883692971258	0	0	0	0.001086106525328	0	0	0	0	0	0	0	0.00428139652211746	0	0	0	0	0	0	0	0	0.00213328782319311	0.135460326060973	0	0	0	0
Hydrogenophaga	0.00725395722455961	0.812886544833385	0.00247883692971258	0	0	0	0.00325831957598401	0	0	0	0	0	0	0	0.00381854284405071	0	0	0	0	0	0	0	0	0	0	0	0	0	0
Variovorax	0.00725395722455961	0.864065828522813	0	0	0	0	0.00760274567729603	0	0	0	0	0	0	0.000309911272402711	0.00659566491245123	0	0	0	0.00381825124093165	0	0	0	0	0	0	0	0	0.000273394354953359	0
Rhodoferax	0.00419965944579767	0.52043349517951	0.00371825539456887	0	0	0	0.00325831957598401	0	0	0	0	0	0	0	0.00300854890743389	0	0	0	0	0	0	0	0	0	0	0	0	0	0
Comamonas	0.00381787222345243	1.83613988561098	0.00371825539456887	0	0	0	0.001086106525328	0	0	0	0.00140398169207874	0	0	0	0.0059013843953511	0	0	0	0	0	0	0	0	0	0	0	0	0	0
Delftia	0.00343608500110718	0.5742714429567	0	0	0	0	0.00434442610131202	0	0	0	0	0	0	0	0.00300854890743389	0	0	0	0	0	0	0	0	0	0	0	0	0	0
Ottowia	0.00152714888938097	0.984370378494066	0	0	0	0	0	0	0	0	0	0	0	0	0.000925707356133506	0	0	0	0	0	0	0	0	0	0	0	0	0	0
Diaphorobacter	0.000763574444690485	0.569951113814086	0.00371825539456887	0	0	0	0.00217221305065601	0	0	0	0	0	0	0	0.00150427445371695	0	0	0	0	0	0	0	0	0	0	0	0	0	0
Turicimonas	0.00114536166703573	0.00465266215358438	0	1.36806058554022	1.17862487753961	0	0.001086106525328	0.00252889259793137	0	0.00856132969680662	0.0350995423019684	0.0229440492969288	0.00555998294938562	1.75533744688896	0.0188612873812202	0	0	0	0	0	0	0	0	0.000304755403313301	0.00637460357933991	0	0	0	0
Sutterella	0.000381787222345243	0.0182783156033672	0.00123941846485629	0.0402874984463598	0.0381655684465912	0	0.001086106525328	1.36307311028501	0.629437166068945	1.04570527010995	1.69741386572319	1.47169687633157	0.539318346090405	0.0489659810396284	0.00520710387825097	0	0	0	0	1.05560996844053	0.662466319564028	0.529502061091085	0.818609564048396	0.0984359952701961	0.331479386125675	0	0	0.000820183064860077	0
Neisseria	0.0725395722455961	8.59313466465938	5.8327032956137	0	0	0	5.90190285863237	0	0	0	0	0.00491658199219902	0	0.000619822544805422	0.00671137833196791	0	0	0	0.733104238258877	0	0	0.00172476241397747	0	0.00853315129277242	0.0653396866882341	0	4.05667412378822	7.25151187078289	0
Kingella	0.000763574444690485	0.113325556740877	0.106589987977641	0	0	0	0.0510470066904162	0	0	0	0	0	0	0	0.000925707356133506	0	0	0	0.194730813287514	0	0	0	0	0.0015237770165665	0	0	1.89410887397465	0.152827444418928	0
Campylobacter	0.0855203378053343	1.00198402807549	0.38421972410545	0.0015000664315134	0.00110189305226379	0	0.323659744547745	0	0	0	0	0.00163886066406634	0	0.00185946763441627	0.0108770614345687	0	0	0	0.129820542191676	0	0	0	0	0	0	0	0.134228187919463	0.63810242446114	1.03092783505155
Oleidesulfovibrio	0.000381787222345243	0.00166166505485156	0	0.0246439485177201	0.0123211677662224	0	0	0.791543383152517	0.508673058625485	0	0	0	0	0.00526849163084609	0.000694280517100129	0	0	0	0	0.48064715057859	0.443670103928202	0.36909915659118	0.660169003264836	0.169748759645509	0.138647627850643	0	0	0	0
Desulfomicrobium	0.00114536166703573	2.62709245172032	0	0.000428590409003827	0	0	0	0	0	0	0	0	0	0	0.00138856103420026	0	0	0	0	0	0	0	0	0	0	0	0	0	0
Staphylococcus	24.3076288722769	0.151211519991492	0.0322248800862635	0.00814321777107272	0.0142244375837689	1.29132738979026	0.0390998349118081	0.00505778519586273	0.0109785552221328	0.00244609419908761	0.0112318535366299	0.0245829099609951	0.0148266211983617	0.0055784029032488	1.45509625042235	0.801497725597413	0.634675528547576	1.76525494475156	0.0152730049637266	0	0.00607767265655072	0.00517428724193242	0.00720184367198003	0.0710080089719991	0.0159365089483498	0.00580532265153965	0.00994282873477504	0.0229651258160821	1.03092783505155
Paenibacillus	0.222581950627276	0.69058799679631	0.0111547661837066	0.0225009964727009	0.253936262498973	0.179975473798559	0.0325831957598401	0.00505778519586273	0.10612603381395	0.00244609419908761	0.0126358352287086	0.00163886066406634	0	0.0176649425269545	0.137814682644376	0.130215316763725	0.424646791325111	0.305328959909552	0.00763650248186331	0.37363514346864	0.0303883632827536	0.343227720381517	0.333685423468408	0.0195043458120512	0	0.068834540011113	0.00994282873477504	0.0702623492230132	0
Priestia	0.0351244244557623	0.0475236205687547	0.00619709232428145	0	0	0.00874974255565173	0.00217221305065601	0	0	0	0	0	0	0	0.00671137833196791	0.00648582037520471	0.00836875431092082	0.0129822324181133	0.00763650248186331	0	0	0	0	0	0	0	0	0.0284330129151493	1.03092783505155
Planococcus	0.0164168505608454	0.0368889642177047	0.00247883692971258	0	0	0.00780746258812	0	0	0	0	0.00140398169207874	0	0	0	0.00566995755631772	0.00636109306029693	0.0101234931180494	0.0133108965299643	0	0	0	0	0	0.000609510806626602	0	0	0.00994282873477504	0	1.03092783505155
Gemella	0.0118354038927025	0.0641402711172703	2.65235551479246	0.000214295204501914	0.000200344191320689	0.00107689139146483	1.19363107133548	0	0	0	0	0	0	0	0.00127284761468357	0.00162145509380118	0.00175473880712856	0.00345097317443519	2.93241695303551	0	0	0	0	0	0	0	0	3.78623842174907	2.06185567010309
Enterococcus	0.564663301848614	0.113657889751847	0.0433796462699701	0.0261440149492335	0.0544936200392274	0.0600366950741642	0.0358415153358241	0.0075866777937941	0.0109785552221328	0.0672675904749092	0.0716030662960155	0.0426103772657249	0.0222399317975425	0.0405983766847552	0.0201341349959037	0.0349236481741792	0.0491326865995996	0.0642538338668647	0.0190912562046583	0.00362752566474408	0.0506472721379227	0.0206971489677297	0.0192049164586134	0.015237770165665	0.0111555562638448	0.0190746315693446	0.228685060899826	0.25070262349223	0
Streptococcus	0.0939196566969297	0.461278219226794	51.4767671008763	0.109290554295976	0.153463650551648	0.0483255011919842	43.1998870449214	1.04949042814152	0.0365951840737759	0.0232378948913323	0.0126358352287086	0.0639155658985873	0.00370665529959041	0.0207640552509816	0.0278869341035219	0.0290614643735134	0.0427886309122887	0.0800297112357113	51.6723940435281	1.0574237312729	0.0344401450537874	0.670932579037238	0.453716151334742	0.263003913059379	0.231079379751072	0.0671758763963874	37.2458364404673	25.4040768566211	12.3711340206186
Granulicatella	0.00305429777876194	0.0189429816253078	2.0896595317477	0.139077587721742	0.0486836384909274	0.00121150281539793	0.637544530367538	0	0	0	0	0	0	0.0728291490146371	0.00127284761468357	0.00112254583417005	0.0016197588988879	0.00180765261518034	2.46277205040092	0	0	0	0	0.28525105750125	0	0	0.437484464330102	0.00191376048467351	0
Abiotrophia	0.000763574444690485	0.00199399806582188	0.219377068279563	0	0	0.000134611423933103	0.00760274567729603	0	0	0	0	0	0	0	0.000115713419516688	0.000124727314907783	0.000539919632962634	0.000657328223701941	1.55021000381825	0	0	0	0	0	0	0	0	0	0
Clostridium	0.314210883990135	0.439011907491783	0.0520555755239642	1.31941557411828	2.13436684223496	0.201513301627856	0.0217221305065601	1.39594871405811	2.24694430212984	0.528356347002923	2.12422430011513	0.734209577501721	5.50808977519136	1.11599049192216	0.135037560575975	0.162270236695025	0.204899500709319	0.252085373789694	0.0420007636502482	1.74121231907716	1.62881627195559	1.62127666913883	1.38515459957749	0.705813514073604	0.521123842611038	0.461108484893721	0.0397713149391002	0.0311669564646829	2.06185567010309
Blautia	0.0118354038927025	0.100696902324005	0.00495767385942516	6.33349476905406	2.989335678696	1.05064216379787	0.0217221305065601	6.76984548466227	2.23230622850033	5.28723261132786	4.59804004155786	6.84060441181291	6.62008636506848	1.77362221196072	0.583195634364108	0.579857287006282	0.764931139999811	3.0061262990449	0.00763650248186331	2.81314615300903	4.89455237940884	5.68309215405578	15.5439792586902	16.6070361927517	16.1229661030455	13.6698761807612	0.00497141436738752	0.00656146451888061	0
Anaerostipes	0.00954468055863106	0.0182783156033672	0.00247883692971258	0.577739871337159	0.45958957488966	0.0860166998932531	0.00325831957598401	0.447613989833852	0.208592549220523	0.309430916184582	0.741302333417572	0.467075289258907	0.381785495857813	0.646165002959653	0.0870164914765495	0.093046576921206	0.0685697933862545	0.0976132412197383	0.00381825124093165	0.518736170058403	0.342375559652357	0.329429621069698	0.300076819665834	2.20216254434191	1.7131747119476	2.64473913367999	0	0.000273394354953359	0
Lachnoclostridium	0.00839931889159534	0.0588229429417453	0.00371825539456887	0.167364554715995	0.145650227090141	0.30664482371961	0.0141193848292641	0.371747211895911	0.128083144258216	2.15500898939618	1.94030269845281	1.27011701465141	1.65872824656671	0.141629451488039	0.170677293787115	0.26329936177033	0.358911576011911	0.800132780301188	0	0.614865600174121	0.382893377362695	0.393245830386864	0.237660841175341	0.205100386429851	0.328292084336005	0.366564658854361	0	0	0
Mediterraneibacter	0.00572680833517864	0.0269189738885953	0.00371825539456887	2.14723794910917	0.991403230750429	0.156553086034199	0.00434442610131202	2.9512176617859	1.66142135694943	5.86451084231254	6.70541656136804	7.25687502048576	5.81944882035695	1.5548248536444	0.147997463561844	0.155534961690005	0.201255043186822	0.258658656026714	0	1.92621612797911	3.17457101760499	4.07043929698684	1.69003264835798	2.1881437957895	2.90841288307383	3.32727921113958	0.0944568729803629	0.00437430967925374	0
Roseburia	0.0053450211128334	0.0295776379763578	0.00247883692971258	1.72807652910343	4.30499598309896	0.501965999846543	0.00217221305065601	1.031788179956	5.59906316328771	0.0110074238958942	0.0168477803049448	0.0294994919531941	0.0111199658987712	6.78922624452619	0.389954223771239	0.488182710549062	0.663831188727558	0.201142436452794	0	5.91468059636522	7.87058609023318	9.82424671001569	0.0600153639331669	5.33931466604903	7.08855918022598	2.11728410419725	0	0	0
Anaerobutyricum	0.00496323389048815	0.00897299129619844	0.00123941846485629	0.860823836484187	0.633488332956018	0.162341377263323	0.00217221305065601	0.877525731482184	0.347654248700871	0.00366914129863141	0	0	0	0.274581387348802	0.0498724838116926	0.0543811092997933	0.087332000631706	0.216260985597939	0	0.370007617803896	1.2945442758453	0.893426930440332	1.12348761282888	2.06502261285093	2.11158743565635	4.07865382861029	0	0.00136697177476679	0
Enterocloster	0.00343608500110718	0.0418739593822594	0.00123941846485629	0.298727515075668	0.110289477322039	0.428468162379068	0.00217221305065601	0.376804997091774	0.0475737392959087	0.0464757897826645	0.0589672310673069	0.101609361172113	0.0426265359452898	0.120555484964655	0.30536771410454	0.439040148475396	0.719037971197987	0.397354911227823	0	0.114267058439438	0.153967707299285	0.251815312440711	0.0624159784904936	0.117026074872307	0.127492071586798	0.130205093755961	0	0.0128495346828079	0
Coprococcus	0.00305429777876194	0.0249249758227735	0	0.962614058622596	0.554152033193026	0.130034635519378	0.00217221305065601	1.48951774018157	0.486715948181219	0.719151694531756	0.529301097913683	0.907928807892753	0.724651111069926	0.543274460521953	0.101133528657585	0.1057687630418	0.399405548484108	0.0866029934727307	0	1.16443573838285	0.579404793257835	0.64851066765553	0.302477434223161	2.06349883583436	1.32273024271303	0.411348576451953	0	0	0
Lachnospira	0.00152714888938097	0.00564966118649532	0	0.862752493324704	2.40012341202185	0.272991967736334	0.001086106525328	1.97253622638647	4.65856693259167	0.306984821985495	0.317299862409794	0.308105804844472	0.17791945438034	1.54676716056193	0.105762065438253	0.0723418426465141	0.110008625216137	0.0151185491451446	0	0.799869409076069	2.68835720508093	2.72684937649839	0.168043019012867	1.90594029232138	0.957784187795821	1.93483110657743	0	0.000820183064860077	0
Dorea	0.00114536166703573	0.0179459825923969	0.00371825539456887	0.235724724952105	0.0780340625194083	0.0975932823515	0	0.341400500720734	0.0878284417770621	0.0330222716876827	0.0519473226069132	0.0639155658985873	0.044479863595085	0.227164962671187	0.0723208871979301	0.0777051171875487	0.113653082738634	0.089396638423464	0	0.351869989480176	0.190433743238589	0.219044826575139	0.0624159784904936	0.670766642692575	1.05340324148592	0.427105880791846	0.00994282873477504	0.0642476734140393	0
Faecalicatena	0.00114536166703573	0.00830832527425782	0	0.0177865019736588	0.0226388936192379	0.0531715124535759	0.00217221305065601	0.0834534557317351	0.0658713313327966	0.152880887442975	0.131974279055401	0.11635910714871	0.157532850232593	0.0083676043548732	0.0365654405672735	0.0421578324388306	0.071134411642827	0.0824946920745936	0	0.0489715964740451	0.0587508356799903	0.0431190603494369	0.0096024582293067	0.0554654834030207	0.0892444501107587	0.786206553379942	0	0	0
Marvinbryantia	0.00114536166703573	0.00697899323037657	0	0.0741461407576621	0.0778337183280877	0.0895165969155138	0.001086106525328	0.0202311407834509	0.0219571104442655	0.216479336619253	0.407154690702833	0.660460847618735	0.578238226736105	0.0669408348389856	0.111894876672637	0.0880574843248947	0.137814486313712	0.0872603216964327	0	0.0217651539884645	0.0263365815117198	0.0379447731075044	0.0264067601305934	0.0432752672704887	0.0350603196863695	0.0315146086797867	0	0	0
Anaerotignum	0.00114536166703573	0.00299099709873281	0	1.0074017563635	1.28240316864373	0.00632673692485586	0.001086106525328	0.00505778519586273	0	0.461088756528014	0.397326818858282	0.529351994493428	0.344718942861909	0.822504516956795	0.00520710387825097	0.0036170921323257	0.00431935706370107	0.00427263345406262	0	0.00362752566474408	0.0101294544275845	0.00344952482795495	0.00720184367198003	0.0149330147623517	0.0127492071586798	0.00414665903681404	0	0	0
Simiaoa	0.000381787222345243	0.01063465635105	0	0.717674639876909	0.551747902897177	0.154937748947002	0.00434442610131202	0.343929393318666	0.30374002781234	0.0415836013844893	0.0365035239940471	0.121275689140909	0.0166799488481569	1.27063621685112	0.404071260952275	0.150670596408602	0.373489406101902	0.0387823651984145	0	0.181376283237204	0.350479123194425	0.524327773849152	0.415306318417515	0.580559043311838	0.227892077961402	0.340855372826114	0.0149142431021626	0	0
Novisyntrophococcus	0.000381787222345243	0.00498499516455469	0.00123941846485629	0.00557167531704976	0.00130223724358448	0.0111727481864476	0	0	0.00731903681475518	0.116189474456661	0.0645831578356218	0.167163787734767	0.0463331912448802	0.0027892014516244	0.00948850040036843	0.00997818519262263	0.0148477899064724	0.0088739310199762	0	0.00362752566474408	0.00810356354206762	0.00517428724193242	0.00480122911465335	0.451952263113625	0.629492103459816	0	0	0	0
Lachnoanaerobaculum	0.000381787222345243	0.0332333010970313	0.0285066246916947	0.0960042516168573	0.0711221879188446	0.00551906838125724	0.00651663915196803	0.634752042080773	0.296420990997585	0.00489218839817521	0.00701990846039368	0.0114720246484644	0.0111199658987712	0.0901841802691889	0.00462853678066753	0.00623636574538914	0.0064790355955516	0.00262931289480776	0	0.223092828381761	0.19651141589514	0.122458131392401	0.0288073746879201	0.102093060109956	0.866946086790228	0.111130462186616	0.422570221227939	0.193289808952025	0
Clostridioides	0.0324519138993456	0.0667989352050329	0.0148730215782755	0.0156435499286397	0.0413710755077223	0.100958567949828	0.00217221305065601	0.05563563715449	0.0292761472590207	0.00244609419908761	0.0126358352287086	0.0540824019141893	0.00185332764979521	0.0238631679750088	0.0566995755631772	0.0669785681054794	0.152392316403703	0.156772781352913	0.00381825124093165	0.0435303079769289	0.0506472721379227	0.589868745580296	0.0192049164586134	0.101178793900016	0.0876507992159238	0.0721518672405643	0	0.0554990540555319	0
Peptacetobacter	0.00458144666814291	0.0103023233400797	0	0.000428590409003827	0.000100172095660344	0.00242300563079586	0	0	0.00365951840737759	2.25529885155877	1.53595597113414	3.29410993477335	0.507811776043887	0	0.00104142077565019	0.000374181944723349	0.00080987944944395	0.000821660279627426	0	0	0	0	0.00240061455732668	0.000609510806626602	0.00159365089483498	0	0.188913745960726	0.544601555067091	0
Terrisporobacter	0.00381787222345243	0.00631432720843594	0	0.000642885613505741	0.000300516286981033	0.00134611423933104	0.001086106525328	0.00252889259793137	0	0.00244609419908761	0.00140398169207874	0.00491658199219902	0	0.00123964508961084	0.000347140258550065	0.00087309120435448	0.000674899541203292	0.00147898850332937	0	0	0	0	0	0.00731412967951922	0.0127492071586798	0	0	0	1.03092783505155
Acetivibrio	0.00801753166925009	0.0112993223729906	0.00247883692971258	0.012429121861111	0.077933890423748	0.00874974255565173	0	0.0126444629896568	0.223230622850033	0.303315680686863	0.241484851037542	0.680127175587532	0	0.0123964508961084	0.00428139652211746	0.00486436528140353	0.00728891504499555	0.0116675759707095	0.00381825124093165	0.0090688141618602	0.0101294544275845	0.0103485744838648	0.0192049164586134	0.0158472809722916	0.0111555562638448	0.000829331807362808	0	0	0
Faecalibacterium	0.0053450211128334	0.0458619555139032	0.00123941846485629	3.751666145215	2.12705427925175	2.10061127047608	0.00760274567729603	5.1842298257593	0.786796457586182	0.16388831133887	0.32151180748603	1.03739880035399	0.146412884333821	8.37442240286606	5.58710674794377	5.55759969766099	5.56117221951513	1.01179246833321	0	6.7526390249211	7.34182856911327	5.4209282671312	0.840215095064336	9.74668730876598	7.93638145627819	3.01462111976381	0.00497141436738752	0.00109357741981344	0
Ruminococcus	0.00381787222345243	0.0255896418447141	0	7.47825975150328	8.78198745444674	0.970952200829476	0.00760274567729603	5.46999468932554	23.9844836419527	0.0721597788730844	0.0898548282930391	0.106525943164312	0.0593064847934466	5.6465833831774	0.741838732521488	0.323293200240973	0.220557170065236	0.373855427230479	0	7.65770667827475	7.32359555114362	8.5220510874627	13.5034568849626	13.2111467336316	18.1484963903807	0.755521276507518	0.00994282873477504	0.00382752096934703	0
Flavonifractor	0.00229072333407146	0.0146226524826938	0.00123941846485629	0.790535009407559	0.549343772601329	0.590674928218458	0.00543053262664002	0.832005664719419	0.461099319329576	0.121081662854837	0.336955606098896	0.119636828476843	0.0333598976963137	0.543274460521953	0.390301364029789	0.714812241736504	0.804480253114324	1.05534046315347	0	0.326477309826967	0.484187921638541	0.36220010693527	0.897829844440177	0.406543708019943	0.3872571674449	0.330074059330398	0	0	0
Monoglobus	0.00190893611172621	0.00199399806582188	0	0.940327357354397	0.780941657768045	0.354162656367995	0	1.39847760665605	1.31010758984118	0.00611523549771902	0.00701990846039368	0.00327772132813268	0.00555998294938562	0.434805515181004	0.0707008993246965	0.0434051055879084	0.107848946684286	0.414609777099999	0	0.607610548844633	1.43230485606045	1.4470756653271	1.01305934319186	0.0987407506735094	0.145022231429983	0.651854800587167	0	0.00136697177476679	0
Vescimonas	0.00152714888938097	0.00930532430716876	0	0.629813606031124	1.07043901422644	0.672787896817651	0	0.379333889689705	1.02100563565835	0.0403605542849455	0.0379075056861259	0.0163886066406634	0.0111199658987712	0.51321306709889	0.374795765814553	0.631619122693012	2.36228337411976	1.75177971616567	0	0.25755432219683	0.368712141164077	0.631263043515756	2.59266372191281	0.517474674825985	0.669333375830691	2.6513737881389	0	0	0
Anaerotruncus	0.00114536166703573	0.00764365925231719	0	0.300227581507181	0.406698708380999	0.17001422842751	0.001086106525328	1.4515843512126	1.21496011124936	0.227486760515147	0.317299862409794	0.270412009570946	0.127879607835869	0.24916866301178	0.055658154787527	0.057998201432119	0.102179790538178	0.303685639350297	0	0.529618747052635	0.727294827900569	0.829610721123165	2.3213942769349	0.140492240927432	0.165739693062838	0.432081871636023	0	0	0
Dysosmobacter	0.000763574444690485	0.0109669893620203	0	1.07619051700861	0.553551000619064	0.872551249934377	0	0.768783349771135	0.30374002781234	0.251947702506023	0.737090388341336	0.301550362188207	0.18162610967993	1.05834699525526	0.783379850127979	1.33533063340272	1.86231779399636	0.919109188791239	0	0.299270867341386	0.419359413302	0.396695355214819	0.446514307662762	0.49857983982056	0.221517474382062	0.35744200897337	0	0	0
Oscillibacter	0.000763574444690485	0.00930532430716876	0	0.579668528177676	0.501461510875684	0.160860651600059	0	0.649925397668361	0.581863426773037	0.00244609419908761	0.00701990846039368	0.00819430332033171	0.0203866041477473	0.882627303802921	0.0718580335198634	0.0883069389547103	0.224606567312456	0.242882778657867	0	0.262995610693946	0.544964648204048	0.720950689042584	0.376896485500288	0.136530420684359	0.192831758275032	0.612876205641115	0	0.00792843629364741	0
Solibaculum	0.000381787222345243	0.005317328175525	0	0.606884019149419	1.07404520967021	0.0549214609647062	0	0.98121032799737	1.24789577691576	0.2959773980896	1.19198045657485	0.432659215313514	0.13158626313546	0.957625831724377	0.0212912691910706	0.0362956486381648	0.0403589925639569	0.124070702223741	0	0.243044219537853	0.384919268248212	0.446713465220166	3.26963702707893	0.501627393853693	0.435066694289949	1.33356554623939	0	0.000273394354953359	0
Acutalibacter	0.000381787222345243	0.00498499516455469	0.00123941846485629	0.54988149475191	0.291701142562923	0.0336528559832759	0	0.171964696659333	0.164678328331992	0.121081662854837	0.160053912896976	0.193385558359828	0.107493003688122	0.218177535771509	0.0160841653128197	0.0183349152914441	0.0392791532980316	0.0696767917124058	0	0.0743642761272536	0.145864143757217	0.162127666913883	0.492125984251969	0.06277961308254	0.066933337583069	0.0663465445890246	0	0	0
Mogibacterium	0.000381787222345243	0.0152873185046344	0.0235489508322695	0	0	0.00269222847866207	0.0749413502476323	0	0	0	0	0	0	0	0.000809993936616817	0.000623636574538914	0.00202469862360988	0.00492996167776456	0.011454753722795	0	0	0	0	0	0	0	0	0	1.03092783505155
Fenollaria	0.00190893611172621	0.00963765731813907	0.00123941846485629	0.339872194340035	0.00240413029584827	0.00161533708719724	0.001086106525328	0.204840300432441	0	0	0	0	0	0.00185946763441627	0.000694280517100129	0.000623636574538914	0.0032395177977758	0.00197198467110582	0	0	0	0	0	0.152072946253337	0.680488932094535	1.12291526716924	0	0	0
Intestinimonas	0.00152714888938097	0.00697899323037657	0	0.33258615738697	0.223383773322568	0.203128638715053	0	0.531067445565587	0.274463880553319	0.270293408999181	0.263948558110802	0.514602248516831	0.107493003688122	0.12458433150589	0.103447797047919	0.177861151058498	0.357831736745985	0.37927838507602	0	0.35549751514492	0.415307631530966	0.256989599682644	0.362492798156328	1.13826143137518	1.18726991665206	0.614534869255841	0	0.000546788709906718	0
Heliorestis	0.00114536166703573	0.00199399806582188	0	0.00342872327203062	0.00791359555716721	0.000538445695732414	0	0	0.00731903681475518	0.00366914129863141	0.00561592676831494	0.0163886066406634	0.00370665529959041	0.0083676043548732	0.000231426839033376	0.000249454629815566	0.000134979908240658	0.00180765261518034	0	0.00181376283237204	0.00202589088551691	0	0.0168043019012867	0.918228030182975	0.0302793670018646	0.00331732722945123	0	0.00191376048467351	0
Halobacteroides	0.00152714888938097	0.00166166505485156	0	0.00557167531704976	0.00170292562622586	0.000134611423933103	0	0	0	0.677568093147267	0.404346727318676	0.547379461798158	0.320625683414571	0.0111568058064976	0.000115713419516688	0.000249454629815566	0.000134979908240658	0.000328664111850971	0	0	0	0	0	0	0	0	0	0	0
Anaerococcus	0.00610859555752388	0.0162843175375453	0.00123941846485629	0.0426447456958808	0	0.00161533708719724	0	0.027817818577245	0	0	0	0	0	0.000929733817208133	0.00161998787323363	0.00236981898324787	0.00215967853185053	0.00213631672703131	0	0	0	0	0	0.00609510806626601	0.0446222250553794	0.871627729538311	0	0	0
Finegoldia	0.00343608500110718	0.0179459825923969	0.00247883692971258	0.0685744654406124	0	0.000942279967531725	0.00325831957598401	0.0986268113193233	0	0.00244609419908761	0.00140398169207874	0	0	0	0.00104142077565019	0.00112254583417005	0.00148477899064724	0.00312230906258422	0	0	0	0.00517428724193242	0	0.03138980654127	0.122711118902293	2.76996823659178	0	0	0
Peptoniphilus	0.00305429777876194	0.0182783156033672	0.00123941846485629	0.0870038530277769	0.00250430239150861	0.00269222847866207	0.001086106525328	0.0885112409275978	0.0146380736295104	0.00366914129863141	0.00280796338415747	0.00819430332033171	0.00370665529959041	0.00154955636201356	0.00254569522936714	0.00149672777889339	0.00377943743073843	0.00525862578961553	0	0	0	0.00172476241397747	0.0360092183599001	0.0338278497677764	0.196019060064702	2.04513223695668	0	0.00164036612972015	0
Parvimonas	0.00190893611172621	0.0219339787240406	0.210701139025569	0.000214295204501914	0.000601032573962067	0.000134611423933103	0.00760274567729603	0	0	0	0	0.00163886066406634	0	0.000309911272402711	0.000694280517100129	0.000374181944723349	0.000269959816481317	0.0011503243914784	0.00763650248186331	0	0	0	0	0.000609510806626602	0	0.000829331807362808	0.0994282873477504	0.00546788709906718	1.03092783505155
Murdochiella	0.000381787222345243	0.00664666021940625	0	0.0518594394894631	0.000100172095660344	0.00296145132652828	0	0.331284930329009	0.0109785552221328	0	0	0	0	0	0.00254569522936714	0.00162145509380118	0.00337449770601646	0.0055872899014665	0	0.00181376283237204	0.0101294544275845	0	0	0.0268184754915705	0.0908381010055937	0.64107348709145	0	0.00109357741981344	0
Keratinibaculum	0.0026725105564167	0.00299099709873281	0.0210701139025569	0.00171436163601531	0.000100172095660344	0.000942279967531725	0	0	0	0	0	0	0	0.000309911272402711	0.000231426839033376	0.000249454629815566	0.000674899541203292	0.00147898850332937	0.011454753722795	0	0	0	0	0	0	0.00995198168835369	0	0.00136697177476679	10.3092783505155
Erysipelothrix	0.00572680833517864	0.022266311735011	0.00123941846485629	0.00128577122701148	0.00430740011339481	0.00228839420686276	0.00325831957598401	0.0101155703917255	0	0.0012230470995438	0	0.00163886066406634	0.00555998294938562	0.00216937890681898	0.00173570129275032	0.00137200046398561	0.00107983926592527	0.00312230906258422	0	0.159611129248739	0	0	2.41501824467064	0.000609510806626602	0	0.00165866361472562	0	0.0120293516179478	0
Faecalibacillus	0.00381787222345243	0.00631432720843594	0.00247883692971258	0.501236483329976	0.272367928100477	0.00403834271799311	0.00325831957598401	0.743494423791822	0.567225353143526	0	0.00140398169207874	0	0	0.431396491184574	0.00497567703921759	0.00573745648575801	0.00350947761425712	0.00377963728628616	0	0.651140856821562	0.482162030753024	0.339778195553562	0.0768196658344536	0.608901295819975	0.428692090710609	0.475207125618889	0	0	0
Longicatena	0.00152714888938097	0.0079759922632875	0	0.107576192659961	0.408802322389866	0.0254415591233566	0	0.00505778519586273	0.150040254702481	0.00733828259726282	0.00421194507623621	0.0196663279687961	0.00185332764979521	0.156505192563369	0.0193241410592869	0.0290614643735134	0.0203819661443394	0.36728214499346	0	0.0906881416186019	0.518628066692328	0.572621121440522	1.9348953332053	0.147806370606951	0.176895249326682	0.307682100531602	0	0	0
Catenibacterium	0.000381787222345243	0.00166166505485156	0.00247883692971258	0.0690030558496162	0.0668147878054498	0.00444217698979242	0.00217221305065601	0	0	2.33235081883003	1.14003313396793	2.76967452227212	6.93329873788387	0.039668642867547	0.00323997574646727	0.00236981898324787	0.00688397532027358	0.00279364495073325	0	0	0	0	0	0.00579035266295271	0.00318730178966995	0.00165866361472562	0	0	0
Megamonas	0.00496323389048815	0.0103023233400797	0.00123941846485629	0	0.000200344191320689	0.00134611423933104	0.001086106525328	0	0.00731903681475518	16.2200506341499	8.78471344733665	8.20249762365204	8.68840002223993	0	0.000925707356133506	0.0187090972361674	0.00337449770601646	0.00295797700665873	0	0	0	0.00344952482795495	0	0.000609510806626602	0	0	0	0	0
Veillonella	0.00458144666814291	0.0142903194717234	3.20017847625894	0	0.00120206514792413	0.00323067417439448	7.609262316448	0	0	0	0	0	0	0.00681804799285964	0.00323997574646727	0.00261927361306344	0.00215967853185053	0.00525862578961553	11.5578465063001	0	0	0	0	0.0210281228286178	0.00796825447417489	0	19.4780014914243	11.9213608477412	4.12371134020619
Dialister	0.00114536166703573	0.00731132624134688	0.00123941846485629	0.267011824809384	0.0390671173075343	0.00269222847866207	0	0.490605163998685	0.135402181072971	0.152880887442975	0.0828349198326454	0.129469992461241	0.109346331337917	0.570856563765794	0.0122656224687689	0.00997818519262263	0.00553417623786699	0.0105172515792311	0	0.48064715057859	0.33427199611029	0.30700770968799	0.268868830420588	0.156644277303037	0.705987346411895	0.276167491851815	0	0	0
Mycobacterium	2.08226751067095	0.274174734050508	0.0161124400431318	0	0.00120206514792413	0.173379514025837	0.0217221305065601	0	0	0	0	0	0	0.000619822544805422	0.0422353981235912	0.101902216279659	0.164945447870085	0.23368018352604	0	0	0.00202589088551691	0	0	0.0164567917789182	0.0908381010055937	0.0704932036258387	0.00497141436738752	0.018317421781875	17.5257731958763
Mycolicibacter	0.939960141413987	0.0219339787240406	0	0	0	0.0577483008673014	0.00651663915196803	0	0	0	0	0	0	0	0.0111084882736021	0.0399127407704905	0.0418437715546041	0.0626105133076099	0.00381825124093165	0	0	0	0	0.000304755403313301	0	0	0	0	0
Mycolicibacterium	0.69256202133427	0.222663117350109	0.0136336031134192	0.000214295204501914	0	0.0687864376298159	0.011947171778608	0	0	0	0	0	0	0	0.0203655618349371	0.0468974704053264	0.0738340098076401	0.0872603216964327	0.00763650248186331	0	0	0	0	0	0	0	0	0	0
Corynebacterium	0.0232890205630598	1.15950987527542	0.166082074290743	0.0852894913917616	0.0009015488609431	0.0433448785064593	0.0434442610131202	0.0177022481855196	0	0.00244609419908761	0.00140398169207874	0.00327772132813268	0	0.00185946763441627	0.0190927142202536	0.0281883731691589	0.0462981085265458	0.067376142929449	0.874379534173349	0	0	0	0.0096024582293067	0.025294698475004	0.103587308164274	2.85621874455751	1.17325379070346	0.0046477040342071	0
Streptomyces	1.18888541038309	1.59353678760265	0.0669285971022396	0.00128577122701148	0.00410705592207412	0.36695074164164	0.116213398210096	0	0	0.0012230470995438	0	0.00163886066406634	0	0.000929733817208133	0.121961944170589	0.227128440447073	0.381048280963379	0.50630706430642	0.0725467735777014	0	0	0	0	0.00761888508283252	0	0.0489305766344057	0.00994282873477504	0.025152280655709	1.03092783505155
Glutamicibacter	0.00419965944579767	0.0554996128320422	0	0	0	0.00349989702226069	0.00868885220262403	0	0	0	0	0	0	0	0.00254569522936714	0.00224509166834009	0.00526421642138568	0.00575162195739198	0	0	0	0	0	0	0	0.00248799542208842	0	0.000273394354953359	1.03092783505155
Rothia	0.00381787222345243	0.0458619555139032	11.7286169329351	0.000428590409003827	0.000601032573962067	0.00349989702226069	14.9850117299505	0	0	0	0.00280796338415747	0	0	0	0.00161998787323363	0.00212036435343231	0.00256461825657251	0.010845915691082	8.50706376479572	0	0	0	0	0.00396182024307291	0	0.00580532265153965	3.07730549341288	3.2960423433177	1.03092783505155
Cutibacterium	0.00916289333628582	0.0392152952944969	0.0161124400431318	0	0	0.00174994851113035	0.523503345208098	0	0	0	0.00421194507623621	0.00655544265626536	0	0	0.00127284761468357	0.00187090972361674	0.00350947761425712	0.00410830139813713	0	0	0	0	0	0.00822839588945912	0.00478095268450493	0.00248799542208842	0.00994282873477504	0.00164036612972015	0
Arachnia	0.000381787222345243	0.115984220828639	0.443711810418552	0	0	0.00161533708719724	0.00977495872795204	0	0	0	0	0	0	0	0.000694280517100129	0.000498909259631131	0.00202469862360988	0.00295797700665873	0.656739213440244	0	0	0	0	0	0	0	0.188913745960726	0.00410091532430038	0
Actinomyces	0.00916289333628582	0.606840078031791	1.37575449599048	0.00128577122701148	0.000500860478301722	0.0191148221985007	2.23846554870102	0	0	0	0.00280796338415747	0.00163886066406634	0	0.000929733817208133	0.00844707962471824	0.0119738222311472	0.0202469862360988	0.0328664111850971	7.78159602901871	0	0	0	0	0.00274279862981971	0	0.0182452997619818	3.39050459855829	0.0918605032643286	2.06185567010309
Schaalia	0.00152714888938097	0.241273765964447	6.53049589132779	0.00707174174856315	0.00150258143490517	0.00565367980519035	3.47662698757494	0.0126444629896568	0.0109785552221328	0.0158996122940694	0.00561592676831494	0.0163886066406634	0	0.00123964508961084	0.00208284155130039	0.00498909259631131	0.0143078702735098	0.0121605721384859	2.2794959908362	0	0	0.0068990496559099	0	0.00822839588945912	0.00478095268450493	0.0613705537448478	0.790454884414616	5.76971446693569	0
Pauljensenia	0.000381787222345243	0.0202723136691891	0.138814868063904	0	0	0.000269222847866207	0.00868885220262403	0	0	0	0	0	0	0	0	0.000124727314907783	0.000134979908240658	0.000328664111850971	0.0267277586865216	0	0	0	0	0	0	0	0.795426298782003	0.00382752096934703	0
Bifidobacterium	0.00572680833517864	0.0731132624134688	0.0136336031134192	0.106504716637451	0.0378650521596102	0.080632242935929	0.0141193848292641	0.0986268113193233	0.0219571104442655	2.59408289813241	0.918204026619493	0.388409977383723	4.62034583093945	0.0269622806990359	0.0296226353962722	0.0572498375426723	0.0630356171483875	0.220369286996076	0.011454753722795	0	0	0.036220010693527	0.184847320914154	0.00304755403313301	0	0.00331732722945123	0	0.00574128145402054	0
Adlercreutzia	0.000763574444690485	0.00432032914261407	0.00123941846485629	0.0683601702361105	0.0350602334811206	0.131246138334776	0.00217221305065601	0	0	0	0.151630022744503	0	0	0.032230772329882	0.0465167946457087	0.0913003945124971	0.198420465113768	0.485601225259809	0	0	0	0	0	0.0947789304304365	0	0.541553670207913	0	0	0
Lautropia	0	0.185774153132405	0.0285066246916947	0	0	0	0.00977495872795204	0	0	0	0	0	0	0	0.000694280517100129	0	0	0	0.0649102710958381	0	0	0	0	0.000914266209939902	0	0	0.874968928660204	0.148453134739674	0
Capnocytophaga	0	10.7406705815495	0.308615197749216	0	0.000300516286981033	0.00673057119665518	0.154227126596577	0	0	0	0	0	0	0	0.00381854284405071	0.0051138199112191	0.00391441733897909	0.00492996167776456	1.41657121038564	0	0	0	0	0	0	0	0.104399701715138	0.106077009721903	0
Flavobacterium	0	0.579256438121255	0.0347037170159761	0.000642885613505741	0.000701204669622411	0.0473832212244524	0.0260665566078721	0	0	0.00366914129863141	0	0	0	0.000619822544805422	0.0271926535864217	0.0394138315108594	0.0260511222904471	0.0423976704287752	0.0343642611683849	0.00181376283237204	0	0	0	0.00426657564638621	0	0	0	0.000273394354953359	0
Polaribacter	0	0.102358567378856	0.00991534771885032	0	0	0.00632673692485586	0.00434442610131202	0	0	0	0	0	0	0	0.00254569522936714	0.00773309352428254	0.00499425660490436	0.00723061046072135	0.00763650248186331	0	0	0	0	0	0	0	0	0	2.06185567010309
Chryseobacterium	0	1.44996892686347	0.0508161570591079	0.000214295204501914	0	0.0250377248515573	0.0543053262664002	0	0	0.0012230470995438	0.00280796338415747	0.00327772132813268	0	0	0.0158527384737863	0.0223261893684931	0.0222716848597086	0.0330307432410225	0.0725467735777014	0	0	0	0	0	0	0	0	0.000273394354953359	0
Tannerella	0	7.61241994928598	0.0396613908754013	0	0.000100172095660344	0.00498062268552483	0.174863150577809	0.00252889259793137	0	0	0	0	0	0	0.00266140864888383	0.00411600139195683	0.0048592766966637	0.00312230906258422	0	0	0.00202589088551691	0	0	0	0	0	0.0248570718369376	0.00792843629364741	0
Parabacteroides	0	0.240941432953477	0.00867592925399403	0.538738144117811	0.512480441398322	1.35459475903882	0.0228082370318881	0.589231975318008	0.354973285515626	0.786419285006666	1.14143711566001	0.939067160510013	0.277999147469281	0.569616918676183	1.24866351000458	1.53813724744278	1.03300123776576	0.702683871137375	0	0.467950810751986	0.358582686736492	0.305282947274013	0.11522949875168	0.318164641059086	0.215142870802722	0.25709286028247	0	0	0
Porphyromonas	0	3.93881084602015	0.659370623303546	0.354872858655169	0.00230395820018792	0.00848051970778552	0.481145190720306	0.189666944844852	0	0	0.00561592676831494	0.00327772132813268	0	0.00340902399642982	0.00636423807341785	0.0142189138994872	0.0117432520169373	0.0103529195233056	0.0610920198549065	0.00181376283237204	0.00202589088551691	0.00517428724193242	0.00240061455732668	0.0377896700108493	0.275701604806451	0.870798397730948	0.526969922943077	1.24394431503778	0
Bacteroides	0	1.24558412511673	0.0743651078913774	41.6474158141289	32.8446270693051	57.807395282408	0.412720479624642	15.8131654148648	8.89628924833492	1.31355258491004	1.30289501024907	2.83195122750664	0.84697073595641	28.8694746694022	50.5123790216199	54.6447828435084	44.3705954368692	26.2697937961362	0.0267277586865216	10.8825769942322	10.1213508640425	8.94634264130116	4.59957749183791	6.37091170626455	3.89488278697669	13.1681304373067	0.0198856574695501	0.21652832912306	0
Phocaeicola	0	0.102026234367886	0.00867592925399403	7.67241120678201	11.1898241178344	12.7284524128425	0.0249804500825441	29.7144880256935	28.9431310839494	3.9369886134315	4.18526942408671	6.28666950735848	2.50013899957373	18.5810402481769	23.2255347117116	17.1400276146275	9.8486740248714	6.41486613510724	0	42.3676860013785	28.3097992342132	24.7365425412649	4.49635106587286	16.0496385600917	15.6018422604344	17.6025676112756	0.00994282873477504	0.000820183064860077	0
Prevotella	0	0.759380930067164	6.94446165858979	0.491164608718386	0.0175301167405603	0.07026716329308	10.7622295594752	0.821890094327694	0.0402547024811535	19.3889656690679	30.5899531070115	20.3677603330165	24.3175120929629	0.0306812159678684	0.0696594785490463	0.0896789394186959	0.0677599139368105	0.067047478817598	3.8717067583047	0.0525991221387891	0.0992686533903284	0.0845133582848963	0.0360092183599001	0.0594273036460936	0.615149245406301	2.64308047006527	5.32935620183942	21.1363909757991	6.18556701030928
Pseudoprevotella	0	0.0103023233400797	0.0148730215782755	0.00492878970354401	0.00781342346150687	0.000269222847866207	0.0249804500825441	0.0075866777937941	0.00365951840737759	0	0	0.00327772132813268	0.00185332764979521	0.0114667170789003	0.000231426839033376	0.00199563703852453	0.00121481917416593	0.00262931289480776	0	0.0108825769942322	0.0121553453131014	0.00344952482795495	0	0.0109711945192788	0.0111555562638448	0.0331732722945123	0.223713646532438	2.28229607515064	0
Alistipes	0	0.0920562440387766	0.0185912769728443	1.89372672218341	5.0379552070457	10.338830415182	0.0510470066904162	1.70700250360367	3.06301690697504	0.0525910252803835	0.0308875972257322	0.0966927791799141	0.0389198806456994	4.51912617417633	6.254310324877	9.70004328037827	21.7568714896788	42.5120455396993	0	3.16864366815395	4.18143878770689	4.59304230842201	7.38909160745151	1.41650311460022	1.16017785143986	3.39528441934333	0.00497141436738752	0	0
Odoribacter	0	0.0279159729215063	0	0.206794872344347	0.591716569065655	0.604405293459635	0.001086106525328	0.169435804061402	0.311059064627095	0.272739503198268	0.189537528430629	0.75715362679865	0.161239505532183	0.836140612942515	0.627513874039	0.436420874862332	0.226766245844306	0.412966456540744	0.00381825124093165	0.292015816011898	0.25526225157513	0.18454957829559	0.156039946226234	0.344678361147343	0.575307973035427	0.285290141732806	0	0	0
Butyricimonas	0	0.0262543078666547	0.00123941846485629	0.451519995885532	0.759905517679373	0.591213373914191	0.00325831957598401	0.255418152391068	0.285442435775452	0	0	0	0	0.675916485110313	0.353851636882032	0.245213901108701	0.314638166108975	1.03808559728129	0	0.241230456705481	0.224873888292377	0.196622915193432	0.280871903207221	0.00243804322650641	0.00159365089483498	0.801963857719835	0	0	0
Barnesiella	0	0.0182783156033672	0.00123941846485629	0.000857180818007655	0.000601032573962067	0.0457678841372552	0.00325831957598401	0	0	0.0403605542849455	0.0730070479880942	0.077026451211118	0.0129732935485665	0.000619822544805422	0.0602866915681945	0.0471469250351419	0.0491326865995996	0.0234994839973444	0	0.0090688141618602	0	0.00517428724193242	0.00240061455732668	1.09925273975108	1.09961911743613	0	0	0	0
Collinsella	0	0.0142903194717234	0	0.000214295204501914	0	0.0196532678942331	0.001086106525328	0.00252889259793137	0	14.281520981373	9.47126049476315	10.621455963814	12.9992401356636	0	0.00763708568810142	0.0139694592696717	0.021731765226746	0.0396040254780419	0	0.00362752566474408	0.00202589088551691	0	0	0.00518084185632611	0	0	0	0	0
Sellimonas	0	0.00864065828522813	0	0.042216155286877	0.0705211553448825	0.0559983523561711	0.001086106525328	0.048048959360696	0.0585522945180414	1.43096510646625	1.39274983854211	1.55363990953489	0.837704097707434	0.0328505948746874	0.01781986660557	0.0215778254790464	0.0353647359590525	0.0254714686684502	0	0.0580404106359052	0.0952168716192946	0.0879628831128512	0.0144036873439601	0.314202820816013	0.318730178966996	0.247140878594117	0	0	0
Thermoclostridium	0	0.00664666021940625	0	0.0439305169228923	0.054393447943567	0.00242300563079586	0.00217221305065601	0.0910401335255292	0.234209178072166	0.0012230470995438	0	0	0	0.0458668683156012	0.00161998787323363	0.00187090972361674	0.00296955798129448	0.0044369655099881	0	0.0779918017919977	0.214744433864792	0.15695337967195	0.237660841175341	0.502846415466946	0.277295255701286	0.00497599084417685	0	0	0
Subdoligranulum	0	0.00564966118649532	0	1.04233187469731	1.75241064148207	0.275818807638929	0.00217221305065601	1.19616619882154	1.1600673351387	7.47526387241173	8.18100131974279	7.70592284243994	8.3900142706229	0.952977162638337	0.0926864490328672	0.127471315835754	0.227846085110231	0.146748525941458	0	0.671092247977654	1.5092887097101	1.84032149571397	0.292874975993854	3.32792900418124	2.94506685365504	2.51121671269458	0.00497141436738752	0	0
Ruthenibacterium	0	0.00564966118649532	0.00247883692971258	0.178722200554596	0.13653456638505	0.296010521228895	0	0.250360367195205	0.245187733294298	0.111297286058486	0.193749473506865	0.224523910977089	0.0296532423967233	0.0619822544805422	0.101480668916136	0.132959317691697	0.239724317035409	0.665216162386364	0	0.139659738092647	0.190433743238589	0.175925766225702	0.489725369694642	0.0591225482427803	0.0430285741605444	0.106154471342439	0.00994282873477504	0.0801045460013342	0
Flintibacter	0	0.00498499516455469	0.00123941846485629	0.751747577392713	0.569478363829058	0.324144308830913	0	0.874996838884253	0.552587279514016	0.506341499211135	0.533513042989919	0.645711101642138	0.190892747928906	0.638417221149585	0.241493906531328	0.297973555314693	0.433690445177235	0.164332055925485	0	0.230347879711249	0.581430684143352	0.53985063557495	0.225657768388708	0.361439908329575	0.382476214760395	0.435399198865474	0	0	0
Allobaculum	0	0.00398799613164375	0	0.0032144280675287	0.00330567915679137	0.00457678841372552	0.001086106525328	0	0	3.78655382018762	2.30674192008536	3.65629814153201	1.92375410048743	0.00185946763441627	0.00370282942453402	0.00124727314907783	0.00593911596258897	0.00805227074034878	0	0	0	0	0	0.000304755403313301	0	0	0	0.000546788709906718	0
Fusobacterium	0	0	0.902296642415379	0	0.000100172095660344	0	0.198757494135025	0	0	0.497780169514328	0.505433409148345	1.25372840801075	0.0240932594473377	0.00123964508961084	0.00520710387825097	0	0	0	0.504009163802978	0	0	0	0	0	0.00159365089483498	0	1.28759632115337	2.78534168826482	6.18556701030928
Leptotrichia	0	0	0.216898231349851	0	0	0	0.0314970892345121	0	0	0	0	0	0	0	0.00370282942453402	0	0	0	0.0763650248186331	0	0	0	0	0	0	0	0.387770320656227	0.767144559999125	1.03092783505155
Acidianus	0	0	0.00123941846485629	0	0	0	0.001086106525328	0	0	0	0	0	0	0	0	0	0	0	0	0	0	0	0	0	0	0	0	0	1.03092783505155
Akkermansia	0	0	0	4.04375050895111	7.31406556464005	0	0.00325831957598401	3.58344081126875	0.322037619849228	0	0	0	0	2.87690634171437	1.01550096967846	0	0	0	0	0.91595023034788	4.75476590830818	4.96731575225513	21.4903015171884	0.65552887252691	0.33307303702051	0	0	0	0
