Genus	Basepaws_WGS1	Basepaws_WGS2	Bristle1	Kean5	Kean6a	Kean6b	Nebula_lcWGS	Ombre5	Ombre6	PetQCheck1	PetQCheck2	PetQCheck3	PetQCheck4	Psomagen1a	Psomagen1b	Psomagen2	Psomagen3	Psomagen4	SequencingDotCom_WGS	thryve2	thryve3a	thryve3b	thryve4	uBiome_Fecal2013	uBiome_Fecal2014	uBiome_Fecal2019	uBiome_Oral2014	uBiome_Oral2019	Veritas_WGS
Komagataeibacter	94.8401702990926	0.0228584119455471	0	0	0	0	0	0	0	0	0	0	0	0	0	0	0	0	1.1020924437346e-05	0	0	0	0	0	0	0	0	0	0.00867641317079519
Burkholderia	0.995210341998008	0.239888447568398	0.000993338013059084	0.000264209169115005	0.00078176017995077	0	0.0055430022856733	0	0	0.00331367221154483	0.00561597933319605	0	0	0	0	0	0	0	0.00131149000804417	0	0	0	0	0.0010242386066258	0	0	0	0.00241068415216238	0.251615981953061
Cupriavidus	0.279649431541354	0.266835168525554	0.000331112671019695	0	5.21173453300513e-05	0	0.000652117915961564	0.00362752566474408	0.0062758880381574	1.7297368944264	3.04386079859226	2.68994592612959	0.915787880316868	0	0	0	0	0	0.00044083697749384	0	0.00299544692068057	0	0.00464943276920216	0.0010242386066258	0	0	0	0.000401780692027064	0.0607348921955664
Lautropia	4.77320635077014e-05	0.162783093305279	0.023840112313418	0	5.21173453300513e-05	0	0.0117381224873082	0	0	0	0	0	0	0	0	0	0	0	0.0951987452897947	0.00247279920870425	0	0	0	0.0005121193033129	0	0	1.15722266560255	0.213747328158398	0.0911023382933495
Variovorax	0.000375492232927251	0.63876754389841	0.000331112671019695	0	0	0	0	0	0	0	0	0	0	0	0	0	0	0	0.000815548408363603	0	0	0	0	0	0	0	0	0	0.0563966856101688
Acidovorax	0.000295938793747749	0.791917751214869	0.000662225342039389	0	0	0	0.000652117915961564	0	0	0	0	0	0	0	0	0	0	0	0.00011020924437346	0	0	0	0	0	0	0	0	0	0.0130146197561928
Comamonas	0.000168653291060545	0.866152835899349	0	0	0	0	0.000652117915961564	0	0	0	0.00187199311106535	0	0.00252283162621727	0	0	0	0	0	0.000264502186496304	0	0	0	0	0	0	0	0	0	0.0260292395123856
Ottowia	6.6824888910782e-05	0.850272214522488	0.000331112671019695	0	0	0	0.000652117915961564	0	0	0	0	0	0.00252283162621727	0	0	0	0	0	7.71464710614219e-05	0	0	0	0	0	0	0	0	0	0.0043382065853976
Neisseria	0.000550509799122156	5.71355785475975	7.18448273578533	0.000264209169115005	0.000260586726650257	0	7.13873482603124	0	0	0	0.00187199311106535	0.00687379708551004	0.00252283162621727	0.00115973851762223	0	0	0	0	0.912576627109997	0	0	0	0	0	0	0	0.113061984570364	0.112096813075551	1.24506529000911
Klebsiella	0.919383185909673	0.0218555466710829	0.051984689350092	0.00052841833823001	0.000469056107970462	0	0.0280410703863473	0.00362752566474408	0	0.00165683610577242	0.0037439862221307	0	0	0.0015463180234963	0	0	0	0	0.000529004372992608	0	0	0	0.0139482983076065	0.0005121193033129	0	0	0	0.000401780692027064	7.68730206932454
Pseudomonas	0.0517320104296468	1.04027099648306	0.00364223938121664	0.000792627507345015	0.00166775505056164	0	0.0309756010081743	0	0	0.00165683610577242	0.00561597933319605	0.00458253139034002	0.845148594782784	0.0030926360469926	0	0	0	0	0.0337570915515908	0.00247279920870425	0	0.00269665345306475	0	0.0071696702463806	0.00561293219577908	0.00120078291045762	0	0.00482136830432477	26.6105591948289
Xanthomonas	0.0171230822489961	0.658894012510072	0	0	5.21173453300513e-05	0	0.00195635374788469	0	0	0	0	0	0	0	0	0	0	0	0.00111311336817194	0	0	0	0	0	0	0	0	0	11.4094833195957
Stenotrophomonas	0.000407313608599052	0.52796053705933	0.000993338013059084	0	0.000156352035990154	0	0.00228241270586547	0	0	0	0	0	0	0	0	0	0	0	0.00044083697749384	0	0	0	0	0.0020484772132516	0	0	0	0	0.0997787514641447
Haemophilus	0.000353217269956991	0.0480722124475945	1.28670383958253	0.00105683667646002	0.000885994870610873	0	4.85599606120779	0	0	0	0	0.00229126569517001	0	0.00541211308223706	0	0	0	0	1.16202423082489	0	0	0	0	0	0.00280646609788954	0	2.38095238095238	0.97713064300982	1.71792980781745
Pasteurella	0.00031821375671801	11.6674191358222	0.00264890136815756	0.00132104584557502	0.00265798461183262	0	0.0176071837309622	0.0108825769942322	0	0.00165683610577242	0	0.0137475941710201	0	0.000386579505874076	0	0	0	0	0.00510268801449119	0	0.00599089384136113	0.00539330690612949	0	0.0025605965165645	0.00280646609788954	0.00240156582091524	0.0266028198989093	0.0474101216591935	0.21691032926988
Cardiobacterium	9.54641270154029e-06	0.547595179022979	0.513555752751546	0	0	0	0.00195635374788469	0	0	0	0	0	0	0	0	0	0	0	0.0457147945661112	0	0	0	0	0	0	0	0.219473264166002	0.00160712276810826	0.0477202724393736
Campylobacter	0.00116466234958791	0.109212412628725	0.373826205581235	0.00105683667646002	0.000521173453300513	0	0.325406840064821	0	0	0	0	0	0	0.000386579505874076	0	0	0	0	0.110473746559956	0	0	0	0	0	0	0	0.179569034317638	0.902801214984813	0.386100386100386
Desulfomicrobium	9.54641270154029e-05	7.33371552362439	0	0.000792627507345015	0.000938112215940924	0	0	0	0	0	0	0	0	0.000386579505874076	0	0	0	0	1.1020924437346e-05	0	0.00299544692068057	0	0.00464943276920216	0	0	0	0	0	0
Bdellovibrio	0.000105010539716943	0.00193656742655165	0	0.000264209169115005	0.000364821417310359	0	0.000326058957980782	0	0	0	0	0	0.00504566325243453	0.000773159011748151	0	0	0	0	0.000154292942122844	0	0	0	0	0.790712204315117	1.41445891333633	0	0	0	0.0130146197561928
Staphylococcus	2.68196282009559	0.0137788309357425	0.0231778869713786	0.0105683667646002	0.0533160442726425	0.549527062472863	0.214220735393374	0	0.0188276641144722	0.0132546888461793	0.00561597933319605	0.0320777197323802	0.0277511478883899	0.025514247387689	1.35638628393291	1.06878472601219	0.879483069189816	0.600305881021181	0.0127842723473213	0	0	0.00808996035919424	0.0325460293844151	0.133151018861354	0.00561293219577908	0.00960626328366095	0	0.0349549202063546	5.70907986638324
Bacillus	0.00672385667945154	0.0333289401942638	0.0145689575248666	0.366986535900742	0.425538124619869	0.013537285977335	0.00749935603355799	0.0253926796532085	0.031379440190787	0.0414209026443104	0.0262079035549149	0.0710292365502704	0.0428881376456935	0.48090490530735	0.00711688321491181	0.0100890100273159	0.0105040024393513	0.00879264166368282	0.0136879881511837	0.00741839762611276	0.0389408099688473	0.0782029501388777	0.167379579691278	0.0517240496346029	0.0252581948810058	0.0204133094777795	0.0731577547220005	0.139819680825418	0.589996095614073
Gemella	0.000140014052955924	0.0470462927990047	2.09627432022569	0.000264209169115005	0.000260586726650257	9.1313902039359e-05	0.923725027959556	0	0	0	0	0	0	0	0.000188705236759025	0.00014061338017165	0.000159393056742812	0.000272405421594304	1.3351960165089	0	0	0	0.00464943276920216	0.0107545053695709	0.0112258643915582	0.00120078291045762	2.93961159882948	5.20989023351494	0.724480499761399
Streptococcus	0.00216703568324964	0.404842494437172	59.5516072209051	0.172000169093868	0.160365071580568	0.0231252456914677	53.6455021797041	0.210396488555157	0.0815865444960462	0.0215388693750414	0.0187199311106535	0.132893410319861	0.0151369897573036	0.0514150742812521	0.0104731406401259	0.0135340378415213	0.0202588575120115	0.0584006956629122	60.1885415669043	0.0519287833827893	0.0449317038102085	0.0943828708572661	0.6462711549191	0.415840874290075	0.395711719802425	0.0720469746274571	45.9164671455174	31.8760747633512	5.44011105808859
Clostridium	0.00986144432069111	0.0530327452802893	0.00231778869713786	0.404504237915073	0.643440745444814	0.0176007546180865	0.00195635374788469	0.0616679363006493	0.0439312162671018	0.540128570481808	5.84997847207922	0.735496288149574	7.18754730309299	0.380007654274216	0.00966440391115865	0.0114072604664251	0.0157161553948413	0.0186295041101438	0.00596232012060418	0.257171117705242	0.197699496764917	0.26157538494728	0.0557931932304259	0.152611552387244	0.134710372698698	0.0192125265673219	0.00665070497472732	0.0056249296883789	0.642054574638844
Lachnoclostridium	0.000251388867807228	0.0228507271541719	0.00165556335509847	1.95144892308343	0.996900581473222	0.779181526101851	0.00456482541173095	2.31436137410672	1.17986695117359	1.60547418649347	1.38714689529943	2.20419759875355	1.4758565013371	0.730248686596129	0.472100065534633	0.8786578593476	1.10076844986586	1.0314933961359	0.000231439413184266	0.986646884272997	1.12029714833453	1.55596904241836	2.1480379393714	3.17821239635986	2.63807813201617	2.92630795278522	0.00665070497472732	0.00160712276810826	0.043382065853976
Blautia	0.000210021079433886	0.00849169446960146	0.000331112671019695	2.65741582295872	1.09368249175113	0.492570016075812	0.00163029478990391	3.8596873072877	1.63800677795908	2.17708264298496	2.39240719594152	3.83787003940977	2.66915586053787	2.11536305614294	0.300984852630645	0.304902538229702	0.38209703562387	0.896879716964713	6.61255466240759e-05	2.6730959446093	5.24802300503235	7.20006471968287	5.00278965966152	3.06196131450783	6.24438706780422	6.5646801714718	0.0133014099494546	0	0.0173528263415904
Lachnospira	7.63713016123223e-05	0.00268583458563413	0	4.92750100399484	4.59200717968549	0.402602994091534	0.000652117915961564	3.47879711248957	8.06451612903226	0.649479753462787	0.488590201988057	0.675923380075154	0.280034310510117	2.79651614549306	0.126122492882443	0.0861432720276572	0.123561497587028	0.0151185008984839	1.1020924437346e-05	1.24629080118694	4.13671219745986	4.35509532669957	0.395201785382183	3.97097307788822	4.10585990121239	2.9551267426362	0.00665070497472732	0	0
Roseburia	4.77320635077014e-05	0.00175597482923433	0	0.199213713512714	0.261524838866198	0.227736871686161	0	0.0290202053179526	0.0376553282289444	0.69918483663596	1.05580411464086	0.691962239941344	0.325445279782027	0.364157894533379	0.175185854439789	0.209232709695416	0.304616070741189	0.130542731481804	3.3062773312038e-05	0.0247279920870425	0.0419362568895279	0.0970795243103309	0.0139482983076065	0.133663138164667	0.143129770992366	0.0312203556718981	0	0	0.00867641317079519
Anaerostipes	4.45499259405213e-05	0.00223627429018464	0	0.433038828179493	0.359036391978724	0.117543820400165	0.000326058957980782	0.239416693873109	0.112965984686833	0.190536152163828	0.205919242217189	0.297864540372102	0.416267218325849	0.459256452978402	0.115393252278144	0.128204249371502	0.084159533960205	0.076137315335608	8.81673954987679e-05	0.346191889218595	0.197699496764917	0.183372434808403	0.30221312999814	3.51518689793974	3.01414458913336	3.72963171988136	0	0	0
Anaerobutyricum	3.81856508061611e-05	0.000461087482512297	0	0.893026991608717	0.65949288780647	0.110010423481918	0.000652117915961564	0.990314506475133	0.476967490899962	0	0	0	0	0.271765392629475	0.0501551561414524	0.0541361513660853	0.069479433434192	0.13820035055551	1.1020924437346e-05	0.422848664688427	1.56062784567457	1.09753795539735	1.85977310768086	2.93444360798292	3.15446789402784	4.86557235317427	0	0	0.0130146197561928
Anaerotignum	6.36427513436019e-06	0.00207105127561773	0	1.89120923252521	1.96774249028142	0.003561242179535	0	0.315594732832735	0.225931969373666	0.502021340049042	0.481102229543795	0.735496288149574	0.845148594782784	1.49606268773267	0.00362583633486984	0.00158190052693107	0.00156205195607956	0.00133175983890549	7.71464710614219e-05	0.19782393669634	0.281572010543973	0.272361998759539	0.060442625999628	0.614031044672167	0.275033677593175	0.13088533723988	0	0.00200890346013532	0.00867641317079519
Ruminococcus	0.000105010539716943	0.00258593229775646	0	2.87935152501532	3.09389408817317	1.195961003485	0.000652117915961564	2.67348641491639	6.20685326973767	0.546755914904898	0.623373705984762	0.751535148015764	0.789646299006004	3.5878443940173	1.17339612005858	0.459788176488775	0.192562751850992	0.273146969686422	0.000121230168810806	5.2917903066271	4.06482147136353	4.41981500957312	4.13334573182072	12.0138067364173	13.7797485406376	0.410667755376505	0	0.00602671038040596	0.0043382065853976
Faecalibacterium	6.36427513436019e-05	0.00317766123364724	0.000331112671019695	5.01046268309695	3.48133443335677	1.55382018557724	0.000652117915961564	4.00478833387746	2.62959708798795	6.62071707866658	4.840974185215	9.34149023920814	7.82330087289974	10.3707684040838	4.90574308213341	5.55867541492811	4.47819574710634	0.324994801596538	5.51046221867299e-05	6.42927794263106	8.12065660196501	6.9303993743764	0.920587688302027	12.4112113157881	11.0153794342164	3.62516360667155	0.00665070497472732	0	0
Flavonifractor	4.13677883733412e-05	0.0114042304008041	0.000331112671019695	0.948246707953753	0.68060041266514	0.393585746265147	0	1.00845213479885	0.77193422869336	0.139174232884883	0.363166663546678	0.158097332966731	0.0353196427670417	0.651773046903691	0.366411654004096	0.84185230708767	0.50518035404067	0.598156904917493	2.2041848874692e-05	0.380811078140455	0.614066618739516	0.531240730253755	1.56685884322113	0.604812897212535	0.594970812752582	0.429880281943827	0	0	0
Ruthenibacterium	1.59106878359005e-05	0.0028011064562622	0	2.0003276193697	1.33665355567983	0.473873494633254	0	2.09670983422208	0.364001506213129	2.89283584067864	3.6522585596885	1.63138117496105	1.23871032847268	1.18602592402166	0.157124067492854	0.21640399208417	0.36579112591908	0.772602310179579	1.1020924437346e-05	0.640454995054402	0.733884495566739	0.838659223903136	0.692765482611121	4.77909733851598	4.29950606196677	3.56632524405913	0.00665070497472732	0	0
Mageeibacillus	3.18213756718009e-06	0.00266278021150851	0.000993338013059084	0.00052841833823001	0.00104234690660103	0.00388084083667276	0.000326058957980782	0.0108825769942322	0	0.00331367221154483	0	0	0	0.0015463180234963	0.0022644628411083	0.00240800413543951	0.00355446516536472	0.00155876435690074	0	0	0	0.00269665345306475	0.00464943276920216	1.57476685768717	0	0	0	0.00200890346013532	0
Acetobacterium	6.36427513436019e-05	0.00105281641840308	0.000331112671019695	0.00317051002938006	0.00515961718767508	0.000570711887745994	0	0	0.0062758880381574	0	0.00187199311106535	0	0	0.00657185159985928	8.08736728967251e-05	8.78833626072814e-05	0.000350664724834187	0.000469142670523524	0.000264502186496304	0.00247279920870425	0	0	0.00929886553840431	0.107032934392396	0.564099685675797	0	0	0.00241068415216238	0.00867641317079519
Flintibacter	3.18213756718009e-06	0.0029471174923911	0	0.330789879731986	0.318541214657274	0.383997786551015	0	0.206768962890412	0.407932722480231	0.563324275962622	0.572829891985998	0.717166162588214	0.196780866844947	0.299212537546534	0.295701106001393	0.417569009092237	0.46769110709476	0.0717334276865001	1.1020924437346e-05	0.0642927794263106	0.21267673136832	0.226518890057439	0.0650920587688302	0.199214408988718	0.30309833857207	0.474309249630759	0	0	0
Oscillibacter	4.77320635077014e-05	0.00029586446794539	0	1.1849781234808	1.50858867792367	0.244173374053246	0	0.914136467515508	1.85766285929459	0.00165683610577242	0.00187199311106535	0.00458253139034002	0	1.6000525748128	0.243604981710419	0.441069020253424	0.432465241554599	0.199234298627167	0	0.445103857566766	0.880661394680086	1.37529326106302	2.78965966152129	0.508022348886397	0.653906600808262	1.84800489919427	0	0	0.0043382065853976
Christensenella	3.81856508061611e-05	0.0048222065879411	0	0.77016972797024	0.380612972945365	0.0959480825678565	0	0	0	0.00828418052886208	0.00561597933319605	0.0229126569517001	0.00252283162621727	0.283749357311571	0.0212158601899076	0.0417621739109801	0.0496031192583632	0.0625019106213598	2.2041848874692e-05	0	0	0.0134832672653237	0.0185977310768086	0.0174120563126386	0.0140323304894477	0.00840548037320333	0	0.000401780692027064	0
Peptoniphilus	9.8646264582583e-05	0.0041920536951743	0	0.108854177675382	0.00271010195716267	0.000388084083667276	0	0.126963398266043	0.0188276641144722	0.00165683610577242	0.00187199311106535	0.0114563284758501	0	0.00193289752937038	0.000229142073207388	0.000404263467993495	0.000494118475902719	0.000620479015853693	6.61255466240759e-05	0	0.00299544692068057	0.010786613812259	0.0557931932304259	0.0937178325062607	0.356421194431971	3.00195727614405	0	0.00120534207608119	0.0173528263415904
Finegoldia	7.63713016123223e-05	0.00211716002386896	0	0.0819048424256515	0.00119869894259118	0.00093596749590343	0	0.137845975260275	0	0	0.0037439862221307	0	0	0.000773159011748151	0.000512199928345926	0.000404263467993495	0.00145047681635959	0.00231544608355159	0.00027552311093365	0	0	0.00539330690612949	0	0.0532604075445416	0.210484957341715	4.02022118421211	0	0.00281246484418945	0.0043382065853976
Murdochiella	1.27285502687204e-05	0.00272425854251015	0	0.0594470630508761	0.000260586726650257	0.00454286662645811	0.000652117915961564	0.417165451445569	0.0062758880381574	0	0	0	0	0.000386579505874076	0.00408412048128462	0.00358564119437708	0.00380949405615322	0.00423741766924473	0.000826569332800949	0.00494559841740851	0.0089863407620417	0	0	0.0425059021749707	0.151549169286035	0.842949603141248	0	0.00281246484418945	0
Megamonas	6.36427513436019e-05	0.000945229339150208	0.000331112671019695	0.0414808395510558	0.00786971914483775	4.56569510196795e-05	0.000326058957980782	0	0.0188276641144722	21.8834912850421	11.6475411370486	11.3967555677756	11.8144205055755	0.00657185159985928	2.6957890965575e-05	0.033589021188503	0.000860722506411187	0.000272405421594304	0.00011020924437346	0.00247279920870425	0	0.00269665345306475	0.00929886553840431	0.0015363579099387	0	0	0.019952114924182	0.0056249296883789	0.0043382065853976
Veillonella	7.95534391795024e-05	0.000922174965024593	2.62009456577884	0.0052841833823001	0.002032576467872	0.000296770181627917	5.94275056815773	0	0	0	0	0	0	0.0150766007290889	0.000714384110587739	0.000808526935986989	0.00063757222697125	0.000423741766924473	13.297880488875	0	0	0.00269665345306475	0.00929886553840431	0.040969544265032	0.0589357880556803	0.00720469746274571	25.9976057462091	17.2195168988959	1.70057698147586
Dialister	2.22749629702607e-05	0.00788459595096027	0	0.285345902644205	0.0374723712923069	0.000844653593864071	0	0.159611129248739	0.0815865444960462	0	0	0	0	0.695069951561588	0.00494677299218302	0.00372625457454873	0.00191271668091375	0.0031326623483345	0.000154292942122844	0.338773491592483	0.1078360891445	0.137529326106302	0.446345545843407	0.116763201155341	0.712842388863943	0.368640353510489	0	0.00361602622824358	0.0173528263415904
Faecalibaculum	3.18213756718009e-06	0.00220169272899622	0	0.00581260172053011	0.011153111900631	0.00091313902039359	0	0	0.0125517760763148	4.84293193717278	2.74246990771074	4.54128860782696	2.24027448408093	0.00463895407048891	0.000471763091897563	0.00100187033372301	0.000812904589388344	0.000484276305056541	2.2041848874692e-05	0.00247279920870425	0.00299544692068057	0	0.0185977310768086	0.0020484772132516	0	0	0	0.000803561384054128	0
Corynebacterium	0.000903727069079147	0.524202674076855	0.166880786193926	0.0250998710659255	0.000938112215940924	0.00801279490395376	0.0238023039325971	0.0108825769942322	0.0062758880381574	0.00331367221154483	0.0037439862221307	0.00687379708551004	0.00252283162621727	0.000386579505874076	0.00343713109811082	0.00476327825331465	0.00814498519955772	0.00838403353129136	0.906790641780391	0	0	0	0.00464943276920216	0.0440422600849094	0.171194431971262	1.19357821299487	1.52301143921256	0.00321424553621651	0.23426315561147
Cutibacterium	0.00473820283753116	0.0213521928360069	0.0192045349191423	0.000264209169115005	0	0.00118708072651167	0.655052446583391	0	0	0	0.0037439862221307	0.00229126569517001	0	0	0.000593073601242651	0.000597606865729514	0.00160986987310241	0.00127122530077342	0.0108335687219111	0	0	0	0	0.0122908632795096	0.00561293219577908	0.00360234873137286	0.0133014099494546	0.00120534207608119	0.00867641317079519
Rothia	7.63713016123223e-05	0.00756951950457687	14.0954664053084	0.00105683667646002	0.00078176017995077	0.000662025789785353	15.219127922711	0	0	0	0.00187199311106535	0	0	0.000386579505874076	0.00026957890965575	0.000597606865729514	0.00181708084686806	0.00108962168637722	9.30250883630169	0	0	0	0	0.0056333123364419	0	0.00960626328366095	2.90635807395584	3.42236793468653	2.19079432562579
Actinomyces	0.000493231322912915	0.385618988812096	1.26551262863727	0.00475576504407009	0.00171987239589169	0.0037895269346334	2.22241785759701	0	0	0.00165683610577242	0.00561597933319605	0.00229126569517001	0	0.000773159011748151	0.00122658403893366	0.00318137772638359	0.008160924505232	0.00673446736719252	7.09992198287591	0	0	0	0	0.0005121193033129	0	0.0228148752986947	5.02793296089385	0.0670973755685197	0.477202724393736
Schaalia	8.90998518810427e-05	0.0681833114765059	4.86735626398951	0.00052841833823001	5.21173453300513e-05	0.00210021974690526	3.06691055876724	0	0	0	0	0	0	0.000773159011748151	0.000390889419000838	0.0014061338017165	0.00608881476757544	0.00307212781020243	1.58335417206462	0	0	0	0	0.0005121193033129	0	0	0.00665070497472732	0.00883917522459541	0.347056526831808
Bifidobacterium	0.000273663830777488	0.0305969968603785	0.00662225342039389	0.128669865359007	0.0479479577036472	0.0749458850988039	0.00391270749576939	0.126963398266043	0.0376553282289444	3.44456226390085	1.17373968063798	0.513243515718083	6.17084615772743	0.0282203039288075	0.0365953369857681	0.081819410587379	0.0514998966336027	0.232407225523541	0.00992985291804874	0.0321463897131553	0.0119817876827223	0.0485397621551654	0.339408592151758	0.0020484772132516	0	0.00600391455228809	0	0.00160712276810826	0.0260292395123856
Eggerthella	3.5003513238981e-05	0.000999022878776643	0	0.054955507175921	0.0360130856230655	0.15674031285056	0	0.0435303079769289	0.062758880381574	0	0	0.00229126569517001	0	0.0297666219523038	0.0558432711351887	0.107006782310626	0.141875759806777	0.507824240389915	2.2041848874692e-05	0.00989119683481701	0.0149772346034028	0.021573227624518	0.134833550306863	0.119323797671906	0.0701616524472384	0.401061492092845	0	0	0
Adlercreutzia	1.27285502687204e-05	0.00150237671385257	0	0.0494071146245059	0.0276221930249272	0.134870633312133	0.000978176873942346	0.0145101026589763	0.031379440190787	0.0430777387500828	0.0524158071098298	0.0504078452937403	0.0252283162621727	0.0328592579992964	0.046057556714685	0.0931563643637183	0.187876595982753	0.36618855479541	4.4083697749384e-05	0.00741839762611276	0.0089863407620417	0.021573227624518	0.102287520922447	0.145441882140864	0.106645711719802	0.725272877916401	0	0	0.0043382065853976
Collinsella	2.22749629702607e-05	0.00129872974240964	0	0.000264209169115005	0	0.00630065924071577	0	0	0	13.5761150506992	7.59093206537	11.7954357987352	15.5583026388819	0	0.00274970487848865	0.00717128238875416	0.00822468172792912	0.042994655708301	0.000319606808683034	0.00494559841740851	0.00299544692068057	0	0	0.0061454316397548	0	0	0	0	0
Capnocytophaga	0	37.2010376005315	0.339390487795187	0	0.000469056107970462	0.00436023882237939	0.166290068570199	0	0	0	0.00187199311106535	0	0	0.000386579505874076	0.00307319957007555	0.00365594788446291	0.00159393056742812	0.00127122530077342	1.18254519212722	0	0	0	0	0	0	0	0.133014099494546	0.151069540202176	0.360071146588001
Tannerella	0	8.18499828821272	0.0490046753109148	0.00264209169115005	0.00380456620909375	0.0867025499863714	0.177376073141545	0.00362752566474408	0.0062758880381574	0	0	0	0	0.0015463180234963	0.0858608827253565	0.0989039362782345	0.0572858645933668	0.0231695944700489	0.00417693036175413	0	0	0.00269665345306475	0.00464943276920216	0	0	0.00120078291045762	0.0332535248736366	0.0120534207608119	0.0260292395123856
Parabacteroides	0	0.0526754024813423	0.00198667602611817	0.481124896958424	0.452274322774185	0.813675352597218	0.00260847166384626	0.0217651539884645	0.0125517760763148	0.937769235867188	1.36093899174451	1.18229309870773	0.3506735960442	0.508738629730283	0.715758963026983	1.47176509691162	0.62792894703831	0.330806117257216	0.000628192692928721	0.0123639960435213	0.0089863407620417	0	0	0.0143393404927612	0.0112258643915582	0.00120078291045762	0	0.00361602622824358	0.0043382065853976
Porphyromonas	0	6.170783729606	0.0430446472325603	0.193401111792184	0.00703584161955693	0.00426892492034003	0.0590166713945216	0.11608082127181	0.0062758880381574	0.00497050831731725	0	0.00458253139034002	0	0.00502553357636298	0.00355844160745591	0.00543119180912999	0.00267780335327925	0.00441902128364093	0.00999597846467281	0.00247279920870425	0.0179726815240834	0.0188765741714532	0.00929886553840431	0.0517240496346029	0.457453973955995	0.951020065082434	0.0133014099494546	0.00200890346013532	0.0130146197561928
Prevotella	0	0.623025248766303	3.10219461478352	0.570427596119296	0.0134983924404833	0.0549709690276941	3.91205537785342	1.03021728878732	0.0502071043052592	21.3947246338392	35.605308972463	20.08065255247	29.8551894646551	0.0247410883759408	0.0406255416851216	0.04984744327085	0.0326596373266023	0.0187203059173419	1.31166634283517	0.0445103857566766	0.0778816199376947	0.0943828708572661	0.0464943276920216	0.0686239866439286	0.651100134710373	3.20488958801138	6.34477254588986	28.2166562203687	4.80239469003514
Alloprevotella	0	0.00782311761995863	0.00331112671019695	0.0158525501469003	0.00656678551158647	0.00150667938364942	0.00847753290750033	0.047157833641673	0.0188276641144722	0.0132546888461793	0.0187199311106535	0.0137475941710201	0.0555022957767799	0.0146900212232149	0.00114571036603694	0.0025310408430897	0.00132296237096534	0.000272405421594304	8.81673954987679e-05	0.029673590504451	0.0239635753654445	0.0404498017959712	0	0.0066575509430677	0.00841939829366861	0.0132086120150338	0.339185953711093	3.45772463558491	0
Bacteroides	0	0.637683988314506	0.0155622955379256	60.6146033691953	57.1299394865503	70.6750882434721	0.0348883085039437	64.9508470272427	64.7295092255554	10.941745642521	11.1458469832831	19.0816607093759	6.64009284020384	58.6893408432845	76.4527405257166	67.0225064018636	51.1480364608429	33.9328169535449	0.0154513360611591	72.3615232443126	56.3892882818116	52.3744033654235	17.4539706155849	37.3160851551978	34.2837898518186	43.8525918899122	0.0465549348230912	0.593430082123973	0.10845516463494
Alistipes	0	0.0193772014525793	0.000993338013059084	2.30046923548435	6.4329481687789	17.6744449370322	0.00293453062182704	2.41593209271956	5.2591941759759	0.0662734442308967	0.0411838484434377	0.137475941710201	0.0555022957767799	5.53736484214026	10.2268803061554	17.6308614028399	35.5010417133223	56.616198013317	0.002898503127022	4.29277942631058	6.17361610352265	7.09759188846641	14.190068811605	2.34192157404989	2.02907498877414	4.78031676653178	0	0.000401780692027064	0.00867641317079519
Odoribacter	0	0.0117846275738768	0.00132445068407878	0.257339730718015	0.775193394439183	1.0583966100627	0.00163029478990391	0.228534116878877	0.533450483243379	0.386042812644973	0.267695014882345	1.05627348547338	0.23966900449064	1.05304257400098	1.02936010862952	0.799422219620875	0.402467468275601	0.58841084427823	0.000209397564309574	0.358555885262117	0.356458183560987	0.275058652212604	0.288264831690534	0.57050090389057	0.965424337674001	0.395057577540556	0	0	0.00867641317079519
Butyricimonas	0	0.00439570066661723	0	0.55166874511213	0.961877725411427	0.345486148365915	0.00195635374788469	0.35549751514492	0.495795155014435	0.00331367221154483	0.0037439862221307	0.00916506278068005	0.0075684948786518	0.829213040099892	0.2959302480746	0.274143361317154	0.317845694450842	0.285329545485501	3.3062773312038e-05	0.311572700296736	0.311526479750779	0.283148612571798	0.520736470150642	0.005121193033129	0.00561293219577908	1.12033045545696	0	0.00321424553621651	0
Barnesiella	0	0.0113081705086141	0.000331112671019695	0	5.21173453300513e-05	0.0760873088742959	0.000652117915961564	0	0	0.0497050831731725	0.0842396899979408	0.103106956282651	0.0151369897573036	0	0.0972640706037948	0.0819951773125936	0.0812904589388344	0.0360937183612453	0.000121230168810806	0.00247279920870425	0	0.00539330690612949	0.00464943276920216	1.74427834708374	1.86349348899865	0	0	0	0.0043382065853976
Spirosoma	0	0.00367717267303557	0.000662225342039389	0.164338103189533	0.119140251424497	0.00095879597141327	0.000652117915961564	0.0145101026589763	0.0062758880381574	0.0314798860096759	0.00935996555532676	0.0137475941710201	0.0100913265048691	0.249343781288779	0.000660468328656589	0.00114248371389466	0.00105199417450256	0.000559944477721625	0.000341648657557726	0	0.00299544692068057	0.00269665345306475	0.00464943276920216	2.37674568667517	2.00942972608891	0.45389594015298	0.00665070497472732	0.0112498593767578	0.0347056526831808
Melioribacter	0	5.37935396264346e-05	0	0.159846547314578	0.0716092324834905	0	0	0.584031632023797	0.175724865068407	0.00165683610577242	0	0	0	0.0792487987041855	1.34789454827875e-05	1.75766725214563e-05	3.18786113485625e-05	0.000121069076264135	0	0.353610286844708	0.491253294991613	0.399104711053583	0.0697414915380324	0.501364797943329	0.530422092501123	0.349427826943167	0	0	0.0043382065853976
Mycoplasma	0	0	0.027151239023615	0.00449155587495508	0.0177198974122175	0	0.00423876645375017	0.174121231907716	1.66311033011171	0.00331367221154483	0.0037439862221307	0.0183301255613601	0.0126141581310863	0.00270605654111853	0	0	0	0	0.00387936540194579	0.131058358061325	0.200694943685598	0.277755305665669	1.56685884322113	0.0035848351231903	0.00561293219577908	0.00600391455228809	0.00665070497472732	0.00321424553621651	0.221248535855277
Fusobacterium	0	0	1.12710753215104	0	0.000677525489290667	0	0.256282340972895	0.00362752566474408	0	0.662734442308967	0.681405492427788	1.70699294290166	0.0327968111408245	0.0015463180234963	0	0	0	0	0.491158518474761	0	0	0	0	0.0010242386066258	0.00561293219577908	0	1.72253258845438	4.0290567796474	4.80673289662054
Leptotrichia	0	0	0.169198574891064	0	5.21173453300513e-05	0	0.0306495420501935	0	0	0	0	0	0	0.000386579505874076	0	0	0	0	0.0540686552896194	0	0	0	0	0.0010242386066258	0	0	0.518754988028731	1.05788856210726	0.555290442930892
Nonanavirus	0	0	0.0125822814987484	0	0	0	0.017933242688943	0	0	0	0	0	0	0	0	0	0	0	0.0848170344698147	0	0	0	0	0	0	0	0	0	7.87384495249664
Dehalococcoides	0	0	0	0.00607681088964511	0.0099544129580398	0	0	0	0	0.414209026443104	0.31823882888111	0.978370451837595	0.0403653060194763	0.0030926360469926	0	0	0	0	0.000374711430869764	0	0	0	0	0.015363579099387	0.00841939829366861	0	0	0	0.0390438592685784
Akkermansia	0	0	0	4.87703705269388	9.37841205745208	0	0.000326058957980782	5.03137809700004	0.476967490899962	0	0.00187199311106535	0	0	3.50241032321913	0	0	0	0	4.4083697749384e-05	1.20919881305638	6.7667145938174	7.46433675808322	40.6360424028269	1.01297198195292	0.519196228109564	0.00120078291045762	0	0	0
