Genus	Basepaws_WGS1	Basepaws_WGS2	Bristle1	Kean5	Kean6a	Kean6b	Nebula_lcWGS	Ombre5	Ombre6	PetQCheck1	PetQCheck2	PetQCheck3	PetQCheck4	Psomagen1a	Psomagen1b	Psomagen2	Psomagen3	Psomagen4	SequencingDotCom_WGS	thryve2	thryve3a	thryve3b	thryve4	uBiome_Fecal2013	uBiome_Fecal2014	uBiome_Fecal2019	uBiome_Oral2014	uBiome_Oral2019	Veritas_WGS
Komagataeibacter	94.2911516730419	0.0022894596226774	0	0	0	0	0	0	0	0	0	0	0	0	0	3.06937995762414e-05	2.65411517904396e-05	7.41910761489787e-05	0	0	0	0	0	0	0	0	0	0	0
Burkholderia	1.47357836497798	0.0252430118912371	0	0.000269893149302191	0.000482836244478231	0.000491176022751273	0.000658072243170855	0	0	0.00349436533589587	0.00605180343742435	0	0	0	0.000111138006508686	0.000184162797457448	0.000185788062533077	0.00019784286973061	0.000999606898775389	0	0	0	0	0	0	0	0	0	1.15870786516854
Cupriavidus	0.4255944732549	0.030175667387306	0	0	5.36484716086923e-05	3.77827709808672e-05	0	0.00455892409391384	0.00778452436556126	1.8188171573338	3.26797385620915	2.9807472214451	0.953331407411298	0	8.8910405206949e-05	6.13875991524828e-05	5.30823035808791e-05	4.94607174326524e-05	2.32466720645439e-05	0	0.00377529447296889	0	0	0.0013622307891403	0	0	0	0	0
Lautropia	5.69814531068283e-05	0.0526575713215802	0.019207990524058	0	0	0	0.00723879467487941	0	0	0	0	0	0	0	0.000111138006508686	0	2.65411517904396e-05	0	0.0667644421693701	0	0	0	0	0.000681115394570148	0	0	1.76131511528608	0.308939706318132	0.210674157303371
Neisseria	0.000417863989450074	2.11592251368124	5.78080481480296	0	0.000214593886434769	0.000113348312942602	5.38039866016491	0	0	0	0.00201726781247478	0.00762989903100282	0.00262625732069228	0.00117984819286585	0.000111138006508686	0.000245550396609931	0.000345034973275714	0.000494607174326524	0.671108175831318	0	0	0	0	0	0	0	0.0213492741246798	0.0258500570592723	1.96629213483146
Klebsiella	2.1525788571078	0.00188659333714189	0.0896372891122707	0.000269893149302191	0.000268242358043462	0.00094456927452168	0.0282971064563468	0	0	0.00174718266794793	0.00201726781247478	0	0	0.00117984819286585	0.00106692486248339	0.00113567058432093	0.00103510491982714	0.00638043254881216	0.000185973376516351	0	0	0	0.021703743895822	0	0	0	0	0	1.29915730337079
Escherichia	0.00034188871864097	0.00243684972714161	0	0.00728711503115916	0.00638416812143439	0.00657420215067089	0	0.00455892409391384	0	0.0052415480038438	0.0121036068748487	0.00508659935400188	0	0.00786565461910567	8.8910405206949e-05	0.0102517290584646	0.000159246910742637	1.102899807672	0.000162726704451807	0	0.00377529447296889	0	0.130222463374932	0.00817338473484178	0.00373162176281812	0.00150432493418578	0.0533731853116994	0.0271110354524075	0
Citrobacter	0.000180441268171623	0.00134616295410646	0	0	0.000107296943217385	0.628478612495745	0	0	0	0	0	0	0	0.000393282730955284	0.211606764392539	1.14273015822347	1.09330966570358	0.126174290170696	0	0	0	0	0	0	0	0	0	0	0
Pseudomonas	0.0138844807403638	0.108675637024944	0.000800332938502417	0.000269893149302191	0.000536484716086923	0.000453393251770406	0.0335616844017136	0	0	0.00174718266794793	0.00605180343742435	0.00254329967700094	0.866664915828453	0.00275297911668699	0.000733510842957329	0.000705957390253552	0.00143322219668374	0.000642989326624482	0.0200153846475723	0.0028685350391555	0	0	0	0.000681115394570148	0.00373162176281812	0	0	0.00252195678627047	0.632022471910112
Xanthomonas	0.0114817628010259	0.103379419271197	0	0	5.36484716086923e-05	7.55655419617344e-05	0.000658072243170855	0	0	0	0	0	0	0	4.44552026034745e-05	0	2.65411517904396e-05	0.000247303587163262	0.00130181363561446	0	0	0	0	0	0	0	0	0	1.05337078651685
Pasteurella	0.00038937326289666	22.2994349849475	0.00160066587700483	0	0.000429187772869539	0	0.00855493916122112	0	0	0.00174718266794793	0	0.0152597980620056	0	0	0	0	0	0	0.00151103368419535	0	0	0	0	0	0	0	0.0320239111870196	0.0245890786661371	0.632022471910112
Haemophilus	0.000227925812427313	0.0137858877708858	1.0604411435157	0.00107957259720877	0.000536484716086923	3.77827709808672e-05	3.50226047815529	0	0	0	0	0.00254329967700094	0	0.00511267550241869	0.000200048411715635	0.000890120187711001	0.000106164607161758	4.94607174326524e-05	0.978010740427427	0	0	0	0	0	0.00373162176281812	0	3.5866780529462	1.34420296708216	4.38904494382022
Aggregatibacter	1.89938177022761e-05	0.00591525619249698	0.0344143163556039	0	0	0	0.0381681901039096	0	0	0	0	0	0	0	0	3.06937995762414e-05	0	0	0.015087090169889	0	0	0	0	0	0	0	0.106746370623399	0.000630489196567617	0.561797752808989
Campylobacter	0.000607802166472835	0.0561556298008642	0.228895220411691	0.000539786298604383	0.000268242358043462	0.0169644641704094	0.182944083601498	0	0	0	0	0	0	0	0.0230722501512033	0.0217312100999789	0.0164289729582821	0.0166682617748039	0.0267569195462901	0	0	0	0	0	0	0	0.245516652433817	1.1739708840089	0.421348314606742
Desulfomicrobium	6.64783619579663e-05	2.56036263468262	0	0.000539786298604383	0.000321890829652154	7.55655419617344e-05	0	0	0	0	0	0	0	0.000393282730955284	2.22276013017372e-05	6.13875991524828e-05	7.96234553713187e-05	4.94607174326524e-05	2.32466720645439e-05	0	0	0	0	0	0	0	0	0	0
Staphylococcus	1.35898866278015	0.00668168473571087	0.0168069917085508	0.00161935889581315	0.0049356593879997	0.0154531533311747	0.0329036121585428	0	0	0.0052415480038438	0.00201726781247478	0.0152597980620056	0.00787877196207684	0.00904550281197153	0.0102691518014026	0.0159300819800693	0.0153938680384549	0.00907604164889172	0.00357998749793976	0	0	0	0	0.000681115394570148	0	0.00150432493418578	0	0.0302634814352456	0.737359550561798
Gemella	7.59752708091043e-05	0.0309322699235556	1.13567243973493	0.000269893149302191	0.000214593886434769	0	0.512638277430096	0	0	0	0	0	0	0	0	3.06937995762414e-05	0	7.41910761489787e-05	0.618686930325772	0	0	0	0	0.0122600771022627	0.0111948652884544	0.00150432493418578	4.61144321093083	7.75438662858512	1.79073033707865
Streptococcus	0.00189938177022761	0.188472639581868	68.2884079777187	0.151679949907831	0.136159820942861	0.0160198948958877	66.5541363130845	0.136767722817415	0.0700607192900514	0.0209661920153752	0.0141208746873235	0.0966453877260358	0	0.0420812522122154	0.0077574328543063	0.0104665856554983	0.0160308556814255	0.0484962334427157	65.0428633762862	0.028685350391555	0.0226517668378134	0.0948633265406507	1.10689093868692	0.377337928591862	0.429136502724084	0.055660022564874	21.263877028181	19.7330508741733	13.7991573033708
Clostridium	0.00315297373857783	0.00499161153785459	0	0.280149088975675	0.440561248850582	0.00600746058595788	0	0.0319124686573969	0.0233535730966838	0.41408229230366	4.95037521181312	0.628195020219232	7.17756125745201	0.34687536870256	0.00462334107076135	0.00432782574025004	0.00674145255477165	0.00642989326624482	0.000302206736839071	0.203665987780041	0.1698882512836	0.259995783852154	0.0542593597395551	0.13758530970317	0.134338383461452	0.00752162467092892	0.0106746370623399	0.00252195678627047	0
Hungatella	9.49690885113804e-06	0.000628864445713965	0	0.165174607372941	0.168241606964859	0.00400497372397192	0	0.282653293822658	0.288027401525767	0	0.00605180343742435	0.00254329967700094	0.00262625732069228	0.154560113265427	0.00164484249632856	0.011448787241938	0.00560018302778275	0.00121178757709998	0	0.131952611801153	0.245394140742978	0.44269552385637	0.596852957135106	0.209783541527606	0.246287036345996	0.218127115456939	0	0	0
Blautia	0.000132956723915933	0.000167042118392772	0	2.70756807379958	1.11733671819424	0.269844550345353	0	4.57715979028949	1.79044060407909	2.29055647767974	2.56999919309288	4.26002695897658	2.77595398797174	2.14535729736107	0.170574612389532	0.183426146267619	0.215673399449112	0.412700226258052	2.32466720645439e-05	2.92303720489946	6.19525823014195	8.73796641135549	11.3185024416712	3.86260540260731	7.95208597656542	7.93380970289583	0.0106746370623399	0	0
Lachnoclostridium	0.000123459815064795	0.00425466101553354	0.000800332938502417	1.96563180636786	0.979245552273461	0.638491046805674	0.00263228897268342	2.59858673353089	1.23773937412424	1.69302000524155	1.48269184216897	2.4263078918589	1.52848176064291	0.722067094033901	0.359820409872523	0.719953762860318	0.855102828384382	0.91091803295716	2.32466720645439e-05	1.04701528929176	1.26094835397161	1.77429555196402	4.30819316332067	3.95115040390143	3.13829390253004	3.52463332079729	0.0106746370623399	0.00126097839313523	0
Roseburia	5.69814531068283e-05	0.000255476181071298	0	0.201340289379435	0.265613582934636	0.186986933584312	0	0.0136767722817415	0.0311380974622451	0.73556390320608	1.13168724279835	0.768076502454284	0.338787194369304	0.36693278798128	0.148858245917734	0.16528611071806	0.24693887625825	0.0917249004788539	0	0.0258168153523995	0.0377529447296889	0.0772960438479376	0.032555615843733	0.143715348254301	0.152996492275543	0.0150432493418578	0	0	0
Lachnospira	2.84907265534141e-05	0.00221085156696316	0	4.98303721556636	4.63034593607463	0.239278288621832	0	3.13653977661272	8.64860657013856	0.683148423167642	0.524489631243444	0.747730105038277	0.291514562596843	2.8021394580564	0.075885030844131	0.0500615871088497	0.0648134926722534	0.00947172738835294	0	1.13020280542727	4.49637571730595	4.92937952357529	0.705371676614216	4.14935498372134	2.57108739458169	3.20872508461828	0.0106746370623399	0	0
Anaerostipes	2.84907265534141e-05	0.000186694132321333	0	0.433718290928621	0.361161510869717	0.0887895118050379	0	0.255299749259175	0.116767865483419	0.195684458810169	0.217864923747277	0.32554235865612	0.433332457914226	0.460534077948637	0.0964233344469362	0.110589759873198	0.0612569783323345	0.0579432304723523	0	0.378646625168526	0.222742373905165	0.207293935774014	0.618556701030928	4.33121279407157	3.75401149339503	4.30989093644227	0	0	0
Anaerobutyricum	9.49690885113804e-06	1.96520139285614e-05	0	0.900633439221412	0.669425628733263	0.0679712049945801	0	1.01664007294279	0.467071461933676	0	0	0	0	0.272151649821056	0.0340304575929597	0.0396256952529277	0.0404752564804203	0.075279211932497	0	0.384383695246837	1.53654485049834	1.07511770079404	3.2555615843733	2.99418327453037	3.44055526531831	5.08913125235051	0	0	0
Faecalibacterium	7.59752708091043e-05	0.000314432222856982	0	5.09153426158584	3.55726920695756	0.652621803152519	0.000658072243170855	3.45566446318669	1.14432508173751	6.94155673975714	5.17227467118535	10.2978203921768	8.11776137825984	10.5203130530538	1.77485173634242	2.01544696157474	1.53041589454033	0.1949494177608	2.32466720645439e-05	6.52018014400046	8.00739957716702	6.19071042091209	1.15029842647857	14.2250950155975	12.4710799313382	3.75329071079353	0	0	0
Ruminococcus	5.69814531068283e-05	0.000176868125357053	0	2.74157461061166	2.78741363937283	0.81346305921807	0	0.305447914292227	0.42814884010587	0.492705512361317	0.550714112805616	0.732470306976271	0.669695616776532	3.48173201714713	0.818553645537776	0.310529170312834	0.113596129663081	0.1573840028707	0	0.499125096813058	0.653125943823618	0.779987351556461	1.10689093868692	7.48682041711507	10.0231360549295	0.361037984204588	0	0.0037829351794057	0
Flavonifractor	9.49690885113804e-06	0.00810645574553157	0	0.947055060901389	0.680584510827871	0.275927576473273	0	0.87987235012537	0.685038144169391	0.146763344107626	0.385298152182684	0.170401078359063	0.0341413451689997	0.651669485192905	0.320899879993181	0.796319936206007	0.374256781396988	0.445220647970021	0	0.238088408249907	0.528541226215645	0.411074415009486	1.94248507867607	0.581672546962906	0.570938129711173	0.330951485520873	0	0	0
Ruthenibacterium	9.49690885113804e-06	0	0	2.01637171843667	1.34684487973622	0.430950285807771	0	0.17779803966264	0.140121438580103	3.00864855420634	3.80053255870249	1.73198708003764	1.26848228589437	1.19361308844929	0.133432290614329	0.189104499189223	0.300843955544632	0.694552124548022	0	0.0803189810963541	0.188764723648445	0.200267022696929	1.12859468258275	1.88055960440818	1.69042465855661	1.96765701391501	0	0	0
Oscillibacter	9.49690885113804e-06	9.8260069642807e-06	0	1.19049868157197	1.51691053473578	0.238107022721425	0	0.00911784818782767	0.0155690487311225	0.00174718266794793	0.00201726781247478	0.00508659935400188	0	1.61088606599284	0.272243660743678	0.527288782920251	0.411732887725089	0.150731536376008	0	0.0028685350391555	0.0566294170945334	0.0175672826927131	0.0976668475311991	0.0899072320832595	0.29852974102545	0.884543061301241	0	0	0
Christensenella	2.84907265534141e-05	0.000687820487499649	0	0.74760402356707	0.368994187724586	0.0617748305537178	0	0	0	0.00873591333973967	0.00605180343742435	0.0228896970930085	0.00262625732069228	0.281983718094938	0.0130920571667232	0.0254451598487041	0.027894750531752	0.036007402290971	0	0	0	0.0105403696156279	0	0.0177090002588239	0.0186581088140906	0.0090259496051147	0	0.000630489196567617	0
Megamonas	1.89938177022761e-05	6.87820487499649e-05	0	0.0062075424339504	0.0056330895189127	0	0	0	0.0155690487311225	22.9667161701756	12.4969740982813	12.5918767008317	12.2462378863881	0.0023596963857317	0	0.0248926714563318	0.000371576125066154	0	0	0	0	0.00351345653854262	0.010851871947911	0.000681115394570148	0	0	0	0.00126097839313523	0
Veillonella	5.69814531068283e-05	0.00013756409749993	2.13688894580145	0.00377850409023068	0.00112661790378254	7.55655419617344e-05	4.37749656157253	0	0	0	0	0	0	0.0125850473905691	0.000444552026034745	0.000306937995762414	0.000212329214323516	7.41910761489787e-05	16.20611522306	0	0	0	0.010851871947911	0.0456347314361999	0.0485110829166356	0.00601729973674314	39.2506404782237	23.3419710353263	4.28370786516854
Dialister	1.89938177022761e-05	0.000560082396964	0	0.287436204006834	0.038358657200215	0.000188913854904336	0	0.191474811944381	0.101198816752296	0	0	0	0	0.70043654383136	0.00188934611064767	0.0014119147805071	0.000530823035808791	0.00173112511014284	6.97400161936318e-05	0.381515160207682	0.13591060102688	0.172159370388588	1.04177970699946	0.146439809832582	0.929173818941712	0.446784505453178	0	0.00189146758970285	0
Finegoldia	7.59752708091043e-05	0.000786080557142456	0	0.0815077310892618	0.000482836244478231	3.77827709808672e-05	0	0.00455892409391384	0	0	0.00201726781247478	0	0	0	0	0	0	0.000346225022028567	2.32466720645439e-05	0	0	0	0	0.0572136931438924	0.23882379282036	4.5189921022941	0	0	0
Parvimonas	5.69814531068283e-05	0.0236905027908808	0.103242949066812	0	0.000482836244478231	0	0.00987108364756283	0	0	0	0	0.00254329967700094	0	0.000786565461910568	0	0	0	0	0.0038124542185852	0	0	0	0	0.0013622307891403	0	0.00150432493418578	0.170794192997438	0.00504391357254093	0.561797752808989
Peptoniphilus	1.89938177022761e-05	0.000520778369106877	0	0.108497046019481	0.000643781659304308	0	0	0.104855254160018	0	0.00174718266794793	0.00201726781247478	0.0101731987080038	0	0.000786565461910568	0	0	0	0	0	0	0	0.00351345653854262	0.0434074877916441	0.0619815009058835	0.350772445704903	2.72433245581046	0	0	0
Corynebacterium	0.000702771254984215	0.137917833750644	0.148061593622947	0.0248301697358016	0.000482836244478231	0.000302262167846937	0.00658072243170855	0.0136767722817415	0	0	0.00201726781247478	0.00254329967700094	0	0	0.000200048411715635	0.000153468997881207	0.000345034973275714	0.000816101837638765	0.751169714421608	0	0	0	0.010851871947911	0.0326935389393671	0.149264870512725	1.40955246333208	2.31639624252775	0.00252195678627047	0.456460674157303
Cutibacterium	0.0108739606345531	0.014178928049457	0.028811985786087	0.000269893149302191	0	0.000831220961579078	1.02396041037385	0	0	0	0.00403453562494957	0.00254329967700094	0	0	0.00064460043775038	0.000399019394491138	0.0014066810448933	0.000890292913787744	0.017179290655698	0	0	0	0	0.0129411924968328	0.00746324352563624	0.00451297480255735	0.0213492741246798	0.00189146758970285	0
Rothia	7.59752708091043e-05	0.00169007319785628	13.586451964017	0.000539786298604383	0.000321890829652154	0.000188913854904336	12.0414059055403	0	0	0	0.00201726781247478	0	0	0	6.66828039052117e-05	0.00021485659703369	0.00122089298236022	0.000494607174326524	8.36480351564071	0	0	0	0	0.00681115394570148	0	0.0090259496051147	4.46199829205807	4.80054474266583	4.70505617977528
Actinomyces	0.000370379445194384	0.113627944534942	0.753913628069277	0.00404839723953287	0.000429187772869539	0.000604524335693875	1.31087990839634	0	0	0	0.00403453562494957	0.00254329967700094	0	0	0	0.000767344989406035	0.00276027978620571	0.00220100192575303	3.84279112562943	0	0	0	0	0.000681115394570148	0	0	7.93125533731853	0.0598964736739236	1.08848314606742
Schaalia	6.64783619579663e-05	0.0189052373992761	2.0200403367801	0.000539786298604383	5.36484716086923e-05	0.000566741564713008	1.11345823544509	0	0	0	0	0	0	0.000786565461910568	0.000155593209112161	0.000337631795338655	0.00167209256279769	0.000692450044057134	0.636261414406567	0	0	0	0	0.000681115394570148	0	0	0	0.00945733794851425	0.456460674157303
Bifidobacterium	0.000332391809789832	0.00454944122446196	0.0048019976310145	0.120912130887382	0.0459767401686493	0.0731474446189589	0.000658072243170855	0.145885571005243	0.0389226218278063	3.60793220931248	1.24465424029694	0.562069228617208	6.36604774535809	0.0275297911668699	0.0389872126832471	0.0904853211507597	0.045464993017023	0.249974465904625	0.0139015098945973	0.0200797452740885	0.0151011778918756	0.0562153046166819	0.727075420510038	0.000681115394570148	0	0.00300864986837157	0	0.000630489196567617	0.0351123595505618
Collinsella	3.79876354045522e-05	4.91300348214035e-05	0	0.000269893149302191	0	0.00302262167846937	0	0	0	14.0753035729886	8.03276042927459	12.7393880820977	15.9072405914331	0	0.000978014457276439	0.00270105436270924	0.00265411517904396	0.0320258145376425	0.000162726704451807	0.0028685350391555	0	0	0	0.00272446157828059	0	0	0	0	0
Eggerthella	5.69814531068283e-05	0	0	0.055058202457647	0.0363200152790847	0.17036251435273	0	0.054707089126966	0.0778452436556126	0	0	0	0	0.029102922090691	0.0613259519914931	0.119613736948613	0.153779433473807	0.521662186762185	0	0.011474140156622	0.0151011778918756	0.0281076523083409	0.314704286489419	0.134179732730319	0.0447794611538175	0.373072583678074	0	0	0
Adlercreutzia	1.89938177022761e-05	3.93040278571228e-05	0	0.0499302326209054	0.0284336899526069	0.07537662810683	0	0.0182356963756553	0.0389226218278063	0.0436795666986984	0.056483498749294	0.0534092932170198	0.0262625732069228	0.0334290321311991	0.0246504098436266	0.0496932615139348	0.0953358172312589	0.178775763160322	0	0.00860560511746651	0.0113258834189067	0.0245941957697983	0.227889310906131	0.156656540751134	0.0597059482050899	0.825874388867995	0	0	0
Capnocytophaga	0.000940193976262666	58.9442407513201	0.293722188430387	0	0	0.000151131083923469	0.153330832658809	0	0	0	0	0	0	0.000393282730955284	8.8910405206949e-05	9.20813987287242e-05	5.30823035808791e-05	0.000420416098177546	0.829348272574669	0	0	0	0	0	0	0	0.160119555935098	0.199234586115367	0.842696629213483
Porphyromonas	0.000683777437281939	4.89982680680125	0.0312129846015943	0.187035952466419	0.00370174454099977	0.000869003732559945	0.0309293954290302	0.11853202644176	0	0.0052415480038438	0	0.00254329967700094	0	0.00314626184764227	0.000533462431241694	0.000890120187711001	0.00058390533938967	0.000494607174326524	0.0080433485343322	0	0	0	0	0.00885450012941193	0.201507575192179	0.694998119593832	0	0.000630489196567617	0
Bacteroides	0.000626795984175111	0.458275138807087	0.00720299644652175	61.4803099452927	58.133483835179	72.4979210030268	0.0256648174836634	78.6870298609528	77.3548186205823	8.9630470865729	9.37020898894537	16.254228235713	5.45211019775718	59.1693868722224	81.554469514956	69.9346559700821	52.3042762572942	33.5604074870666	0.0107632091658838	81.0963540919652	68.200694654183	65.2202937249666	37.1568095496473	46.4629677559972	43.5592208373759	49.1673561489282	0.0426985482493595	0.000630489196567617	0.0351123595505618
Prevotella	0.000256416538980727	0.723508544793916	1.94080737586836	0.537897046559267	0.00960307641795593	0.017644554048065	2.45460946702729	0	0.00778452436556126	22.1018607495414	37.0874687323489	21.2925048958519	30.3122619954303	0.02084398474063	0.0119139942977312	0.0117557252377005	0.0112269072073559	0.00692450044057134	0.725737855182997	0.00573707007831101	0	0	0	0.00476780776199104	0.0335845958653631	0.0902594960511471	8.5397096498719	33.4039481233489	10.252808988764
Tannerella	0.000113962906213657	1.5860550881324	0.0280116528475846	0.00161935889581315	0.002092290392739	0.0180223817578736	0.105949631150508	0	0	0	0	0	0	0.00117984819286585	0.0163372869567769	0.0213014969059115	0.0118638948503265	0.00361063237258363	0.00139480032387264	0	0	0	0	0	0	0	0	0.00315244598283808	0.105337078651685
Parabacteroides	2.84907265534141e-05	0.0367099620185527	0	0.480139912608598	0.445711502125016	0.732910191486862	0.000658072243170855	0.00455892409391384	0.00778452436556126	0.552109723071547	0.859356088114258	0.707037310206262	0.12606035139323	0.51284068116569	0.641955353195473	1.50427242343201	0.607500423331371	0.303515692525472	0.000511426785419966	0.00860560511746651	0.00755058894593778	0	0	0.0143034232859731	0.00746324352563624	0	0	0	0
Butyricimonas	1.89938177022761e-05	0.000874514619820982	0	0.518464739809509	0.914384550098552	0.158989900287489	0	0	0	0.00174718266794793	0.00403453562494957	0.00762989903100282	0.00787877196207684	0.792857985605852	0.168196259050246	0.181707293491349	0.215354905627627	0.0790629568160949	0	0	0	0	0	0.0013622307891403	0.00373162176281812	0.103798420458819	0	0	0
Odoribacter	9.49690885113804e-06	0.00302641014499845	0.00240099881550725	0.252080201448247	0.764383423480648	0.996822846788219	0.000658072243170855	0.00455892409391384	0	0.387874552284441	0.256193012184298	0.991886874030367	0.220605614938152	1.02882762417902	0.977747726060818	0.75064756243656	0.348034123428034	0.506626128662659	0.000162726704451807	0.0028685350391555	0	0.00351345653854262	0	0.348731082019916	0.31718784983954	0.248213614140654	0	0	0
Alistipes	1.89938177022761e-05	0.00775271949481747	0	2.31055525117606	6.48894358648616	18.870907228562	0.000658072243170855	2.45270116252564	5.60485754320411	0.0698873067179174	0.0443798918744453	0.152597980620056	0.0551514037345379	5.56337751209344	11.0073304406333	19.5695992648221	39.0179880002145	58.3778912571505	0.00362648084206885	4.21674650755859	6.76910299003322	7.86662918979692	29.5496473141617	2.85932242640548	2.55989252929323	5.33884919142535	0	0	0
Spirosoma	0.00034188871864097	9.8260069642807e-05	0	0.119292771991569	0.072371788200126	0	0	0.0136767722817415	0.00778452436556126	0.0052415480038438	0.00201726781247478	0.00508659935400188	0	0.184842883548983	2.22276013017372e-05	6.13875991524828e-05	5.30823035808791e-05	2.47303587163262e-05	4.64933441290878e-05	0	0.00377529447296889	0.00351345653854262	0	3.039136890572	2.54869766400478	0.494922903347123	0	0	0
Treponema	0.000227925812427313	1.16402808901655	0.00160066587700483	0.000269893149302191	5.36484716086923e-05	0.00211583517492856	0.00131614448634171	0	0	0	0	0	0	0	0.000355641620827796	0.000491100793219862	0.000822775705503626	0.00133543937068162	0.000232466720645439	0	0	0	0	0	0	0	0	0	0.0351123595505618
Akkermansia	1.89938177022761e-05	3.93040278571228e-05	0	4.78115713988832	9.28612124769177	0.344541088574528	0	0.0182356963756553	0.0389226218278063	0	0	0	0	3.44633657136115	0.0636820777294772	0.105126263548627	0.225865201736641	0.488696618593322	0	0.00860560511746651	0.0906070673512534	0.101890239617736	0.944112859468258	0.0115789617076925	0.0223897305769087	0	0	0	0
Fusobacterium	0.00102566615592291	0.588332166986307	1.3245510132215	0	0.000268242358043462	0	0.329694193828598	0	0	0.331964706910107	0.320745582183491	0.56715582797121	0.00787877196207684	0.000393282730955284	0	0	0	0.000370955380744893	0.524654141824692	0	0	0	0	0.000681115394570148	0	0	2.61528608027327	5.41905464449867	14.8174157303371
Leptotrichia	0.000284907265534141	0.0608917651576475	0.112046611390338	0	0	7.55655419617344e-05	0.0276390342131759	0	0	0	0	0	0	0	0	0	2.65411517904396e-05	0	0.0307785938134561	0	0	0	0	0	0	0	0.320239111870196	0.595812290756398	0.912921348314607
Anaerotignum	0	2.94780208928421e-05	0	1.91057360391021	2.00564811109096	0.00170022469413902	0	0.341919307043538	0.225751206601277	0.520660435048484	0.51843782780602	0.8113125969633	0.869291173149145	1.50312659771109	0.00206716692106156	0.000982201586439725	0.00111472837519846	0.000395685739461219	2.32466720645439e-05	0.186454777545108	0.30579885231048	0.316211088468836	0.0651112316874661	0.625945047609966	0.264945145160087	0.0496427228281309	0	0	0
Flintibacter	0	0.000746776529285333	0	0.336016970881228	0.326290004324067	0.20259121799941	0	0.259858673353089	0.459286937568115	0.59229492443435	0.615266682804809	0.790966199547293	0.204848071013998	0.302827702835568	0.161127881836293	0.223573636113342	0.234411452613162	0.0173854421775773	0	0.0631077708614211	0.252944729688916	0.270536153467782	0.119370591427021	0.254056042174665	0.395551906858721	0.562617525385483	0	0	0
Faecalibaculum	0	0.000225998160178456	0	0.00593764928464821	0.0107833427933472	7.55655419617344e-05	0	0	0	4.97947060365161	2.82014040183975	4.78903329179277	2.20605614938152	0.0047193927714634	0.000111138006508686	0.000153468997881207	2.65411517904396e-05	0.000272033945879588	0	0	0	0	0.010851871947911	0.0013622307891403	0	0	0	0	0
Nonanavirus	0	3.93040278571228e-05	0.019207990524058	0	0	0	0.0263228897268342	0	0	0	0	0	0	0	0	3.06937995762414e-05	0	2.47303587163262e-05	0.102355097100187	0	0	0	0	0	0	0	0	0	31.5308988764045
